-0.871550 	 1.011865 	 1 
-0.712898 	 0.865915 	 1 
-1.050309 	 0.980998 	 1 
-0.949589 	 0.979874 	 1 
-0.723907 	 0.912822 	 1 
-0.782977 	 1.212530 	 1 
-1.013567 	 0.970777 	 1 
-0.802689 	 1.086016 	 1 
-0.826023 	 1.009702 	 1 
-0.813500 	 1.059256 	 1 
-0.758383 	 1.023691 	 1 
-0.789033 	 0.968863 	 1 
-0.859276 	 1.015056 	 1 
-0.848356 	 1.038956 	 1 
-0.893564 	 0.932513 	 1 
-0.836189 	 0.921087 	 1 
-1.017131 	 0.997117 	 1 
-0.770779 	 0.970252 	 1 
-0.764498 	 0.911053 	 1 
-0.825619 	 1.121996 	 1 
-0.758570 	 0.965715 	 1 
-0.873608 	 0.959680 	 1 
-0.908491 	 0.920249 	 1 
-1.051875 	 1.131192 	 1 
-0.745030 	 1.128559 	 1 
-0.933407 	 1.086593 	 1 
-0.697579 	 1.078387 	 1 
-0.713715 	 1.054222 	 1 
-0.888411 	 0.978566 	 1 
-0.792086 	 0.998462 	 1 
-0.705786 	 1.153183 	 1 
-0.899167 	 1.037237 	 1 
-0.909349 	 1.078598 	 1 
-0.812109 	 0.989177 	 1 
-0.822144 	 1.020655 	 1 
-0.759075 	 1.047437 	 1 
-0.617935 	 1.034998 	 1 
-0.749148 	 1.109934 	 1 
-0.687260 	 1.229516 	 1 
-0.748613 	 1.109085 	 1 
-0.846600 	 0.795430 	 1 
-0.877632 	 0.794973 	 1 
-0.730733 	 0.928099 	 1 
-0.913657 	 1.114855 	 1 
-0.774940 	 1.034556 	 1 
-0.737490 	 1.046813 	 1 
-0.709336 	 1.015977 	 1 
-0.762949 	 1.179337 	 1 
-0.843508 	 1.079226 	 1 
-0.809048 	 0.980991 	 1 
-0.790751 	 0.824262 	 1 
-0.760649 	 1.039516 	 1 
-0.819061 	 1.053600 	 1 
-0.706479 	 0.874705 	 1 
-0.755149 	 0.927710 	 1 
-0.835781 	 0.966609 	 1 
-0.981006 	 1.041338 	 1 
-0.850569 	 1.248314 	 1 
-0.649980 	 0.937406 	 1 
-0.797881 	 0.876520 	 1 
-0.687351 	 1.046124 	 1 
-1.058504 	 0.944944 	 1 
-0.730637 	 0.892172 	 1 
-0.852068 	 0.965352 	 1 
-0.771280 	 1.033053 	 1 
-0.771679 	 0.890301 	 1 
-0.491218 	 1.010544 	 1 
-0.853865 	 0.986845 	 1 
-0.836510 	 1.055322 	 1 
-0.781161 	 0.975336 	 1 
-0.770929 	 1.007457 	 1 
-0.686837 	 1.076711 	 1 
-0.929124 	 1.129310 	 1 
-0.625542 	 1.076155 	 1 
-0.891538 	 0.873130 	 1 
-0.704452 	 0.913016 	 1 
-0.791724 	 1.062714 	 1 
-0.878358 	 0.915077 	 1 
-0.774419 	 1.060129 	 1 
-0.910544 	 0.928994 	 1 
-0.841067 	 0.870610 	 1 
-0.794182 	 0.998394 	 1 
-0.829928 	 1.152058 	 1 
-0.756479 	 1.147936 	 1 
-0.842143 	 0.871472 	 1 
-0.928284 	 1.034469 	 1 
-0.719413 	 0.946883 	 1 
-0.616709 	 0.959242 	 1 
-0.864861 	 0.960998 	 1 
-0.774617 	 1.030825 	 1 
-0.705769 	 0.843001 	 1 
-0.842708 	 1.082295 	 1 
-0.711938 	 1.103425 	 1 
-0.625931 	 1.039500 	 1 
-0.917949 	 1.054815 	 1 
-0.864009 	 0.965232 	 1 
-0.824862 	 0.976628 	 1 
-0.764740 	 1.023493 	 1 
-0.792579 	 0.914776 	 1 
-0.729196 	 0.885684 	 1 
-0.955493 	 1.079878 	 1 
-0.978749 	 1.066591 	 1 
-0.709633 	 1.190865 	 1 
-0.956644 	 1.097508 	 1 
-0.639940 	 1.133750 	 1 
-0.833085 	 1.109020 	 1 
-0.774856 	 1.138076 	 1 
-0.597456 	 1.120860 	 1 
-0.943733 	 1.046424 	 1 
-0.855808 	 1.007752 	 1 
-0.878475 	 1.068572 	 1 
-0.904764 	 0.950737 	 1 
-0.911749 	 1.017491 	 1 
-0.769687 	 0.997301 	 1 
-0.984038 	 0.997535 	 1 
-0.590867 	 1.032087 	 1 
-0.638562 	 0.854586 	 1 
-0.821504 	 1.097770 	 1 
-0.918445 	 1.021920 	 1 
-0.889146 	 0.951763 	 1 
-0.830026 	 0.804938 	 1 
-0.701045 	 1.029245 	 1 
-1.054828 	 1.086149 	 1 
-0.769754 	 0.955762 	 1 
-0.777901 	 1.029186 	 1 
-0.614810 	 0.885397 	 1 
-0.911690 	 1.179802 	 1 
-0.729110 	 0.813788 	 1 
-0.778956 	 0.902711 	 1 
-0.746127 	 0.904112 	 1 
-0.785094 	 0.983991 	 1 
-1.068963 	 1.146664 	 1 
-0.782536 	 0.982082 	 1 
-0.883741 	 0.832544 	 1 
-0.879654 	 0.851031 	 1 
-0.885192 	 1.141976 	 1 
-0.827090 	 1.287592 	 1 
-0.736555 	 1.020827 	 1 
-0.563304 	 0.876621 	 1 
-0.806700 	 0.978818 	 1 
-0.914574 	 1.020554 	 1 
-0.775516 	 0.752759 	 1 
-0.616714 	 0.957887 	 1 
-0.843469 	 1.084006 	 1 
-0.671873 	 0.915104 	 1 
-0.822331 	 1.065564 	 1 
-0.725176 	 0.854421 	 1 
-0.951861 	 0.933565 	 1 
-0.840937 	 0.963861 	 1 
-0.706052 	 0.908234 	 1 
-0.724198 	 1.004609 	 1 
-0.751448 	 1.117103 	 1 
-0.723058 	 1.112831 	 1 
-0.728948 	 1.224003 	 1 
-0.833916 	 1.022587 	 1 
-0.887511 	 0.980776 	 1 
-0.826867 	 1.002415 	 1 
-0.713931 	 0.980682 	 1 
-0.833595 	 0.862365 	 1 
-0.654476 	 1.195489 	 1 
-0.797281 	 1.057865 	 1 
-0.851995 	 1.131868 	 1 
-0.778348 	 0.896251 	 1 
-0.727640 	 0.999209 	 1 
-0.628716 	 0.964939 	 1 
-0.637763 	 0.906051 	 1 
-0.829652 	 1.054447 	 1 
-0.642294 	 0.952298 	 1 
-0.843301 	 1.008539 	 1 
-0.805758 	 1.031722 	 1 
-0.654953 	 0.948568 	 1 
-0.747577 	 0.846127 	 1 
-0.678114 	 0.926711 	 1 
-0.652822 	 0.944904 	 1 
-0.673952 	 1.151432 	 1 
-0.745928 	 0.973583 	 1 
-0.880903 	 1.063293 	 1 
-0.801849 	 1.172724 	 1 
-0.859127 	 1.155066 	 1 
-0.574223 	 0.880788 	 1 
-0.784369 	 0.883443 	 1 
-0.835187 	 1.056727 	 1 
-0.844716 	 0.857309 	 1 
-0.870504 	 0.952103 	 1 
-0.839104 	 1.087250 	 1 
-0.674371 	 1.024826 	 1 
-0.810865 	 1.075287 	 1 
-0.871704 	 0.920327 	 1 
-0.775833 	 0.929499 	 1 
-0.723853 	 0.996617 	 1 
-0.903809 	 1.163687 	 1 
-0.730900 	 1.030679 	 1 
-0.769322 	 1.223617 	 1 
-0.850462 	 0.907093 	 1 
-0.887253 	 1.044187 	 1 
-0.732322 	 0.944415 	 1 
-0.868857 	 0.902592 	 1 
-0.714231 	 1.011963 	 1 
-0.736447 	 0.939982 	 1 
-0.849493 	 1.076637 	 1 
-0.690351 	 1.042730 	 1 
-0.743941 	 0.972209 	 1 
-0.780213 	 1.023335 	 1 
-0.935445 	 0.867173 	 1 
-0.810620 	 0.969972 	 1 
-0.716935 	 1.152388 	 1 
-0.850718 	 1.075695 	 1 
-0.728606 	 1.175319 	 1 
-0.799522 	 1.099238 	 1 
-0.799334 	 0.918768 	 1 
-0.653067 	 1.100408 	 1 
-0.855193 	 1.032346 	 1 
-0.745985 	 1.008505 	 1 
-0.729895 	 0.771779 	 1 
-0.813421 	 1.031169 	 1 
-0.754413 	 1.040928 	 1 
-0.725971 	 1.014497 	 1 
-0.816400 	 1.178956 	 1 
-0.828358 	 0.909444 	 1 
-0.760029 	 0.960730 	 1 
-0.714658 	 1.104485 	 1 
-0.728126 	 0.894976 	 1 
-0.666040 	 0.955135 	 1 
-0.743103 	 1.080798 	 1 
-0.841506 	 1.100392 	 1 
-0.839968 	 1.126910 	 1 
-0.826521 	 1.067231 	 1 
-0.948541 	 0.957338 	 1 
-0.787275 	 0.944025 	 1 
-0.887994 	 1.042025 	 1 
-0.895860 	 0.806699 	 1 
-0.894961 	 0.962854 	 1 
-0.679384 	 0.993962 	 1 
-0.808477 	 1.064890 	 1 
-0.774148 	 1.064138 	 1 
-0.920296 	 0.829509 	 1 
-0.637646 	 1.080218 	 1 
-0.751839 	 1.022245 	 1 
-0.820008 	 1.062100 	 1 
-0.703668 	 1.063112 	 1 
-0.899249 	 1.205650 	 1 
-0.877778 	 1.033141 	 1 
-0.803339 	 0.917980 	 1 
-0.847511 	 1.034380 	 1 
-0.908782 	 1.041798 	 1 
-0.868987 	 1.010952 	 1 
-0.783452 	 0.854487 	 1 
-0.711946 	 1.032799 	 1 
-0.949871 	 1.049608 	 1 
-0.817667 	 0.906353 	 1 
-0.958354 	 0.904213 	 1 
-0.591759 	 1.101102 	 1 
-0.729540 	 0.940433 	 1 
-0.801063 	 0.881529 	 1 
-0.953692 	 1.020506 	 1 
-0.712799 	 1.064555 	 1 
-0.869610 	 0.968014 	 1 
-0.899913 	 1.020128 	 1 
-0.761227 	 1.192982 	 1 
-0.673465 	 0.995049 	 1 
-0.667527 	 1.036022 	 1 
-0.719011 	 1.035828 	 1 
-0.863404 	 1.049026 	 1 
-0.806755 	 1.182449 	 1 
-0.599789 	 1.111560 	 1 
-0.963010 	 0.894415 	 1 
-0.819546 	 1.106483 	 1 
-0.701011 	 0.996245 	 1 
-0.941634 	 1.102358 	 1 
-0.849687 	 0.956001 	 1 
-0.553085 	 1.026662 	 1 
-0.684122 	 0.891098 	 1 
-0.819054 	 1.054574 	 1 
-0.761559 	 0.875180 	 1 
-0.848299 	 0.949015 	 1 
-0.815999 	 1.032651 	 1 
-0.914504 	 0.922248 	 1 
-0.772015 	 1.047880 	 1 
-0.832328 	 1.043972 	 1 
-0.781510 	 1.096881 	 1 
-0.908531 	 0.979029 	 1 
-0.722436 	 0.936732 	 1 
-0.813909 	 0.923524 	 1 
-0.798632 	 0.842457 	 1 
-0.751096 	 0.994485 	 1 
-0.958272 	 1.177088 	 1 
-0.698140 	 1.117096 	 1 
-0.654764 	 1.124351 	 1 
-0.959106 	 1.026628 	 1 
-0.877484 	 0.992629 	 1 
-0.735558 	 0.956567 	 1 
-0.662639 	 0.922468 	 1 
-0.893811 	 1.015888 	 1 
-0.864618 	 0.943395 	 1 
-0.764800 	 0.929346 	 1 
-0.742032 	 0.931634 	 1 
-0.849723 	 0.843121 	 1 
-0.897464 	 1.064164 	 1 
-0.760336 	 0.936097 	 1 
-0.839209 	 0.835435 	 1 
-0.785056 	 0.914457 	 1 
-0.823609 	 1.038708 	 1 
-0.905041 	 0.931580 	 1 
-0.967836 	 1.086817 	 1 
-0.691109 	 1.116084 	 1 
-0.895953 	 0.910454 	 1 
-0.826178 	 0.757170 	 1 
-0.759099 	 0.952218 	 1 
-0.799884 	 1.065309 	 1 
-0.859339 	 1.048046 	 1 
-0.686483 	 1.028338 	 1 
-0.794595 	 0.870301 	 1 
-0.813792 	 1.153537 	 1 
-0.821618 	 1.084487 	 1 
-0.799778 	 0.967800 	 1 
-0.963509 	 1.179455 	 1 
-0.785061 	 1.025512 	 1 
-0.869566 	 0.934573 	 1 
-0.761806 	 0.896067 	 1 
-0.868987 	 1.030960 	 1 
-0.868168 	 0.990763 	 1 
-0.665898 	 1.053329 	 1 
-0.892840 	 0.977047 	 1 
-0.871608 	 1.004592 	 1 
-0.779214 	 1.066211 	 1 
-0.871690 	 0.993235 	 1 
-0.768778 	 1.025372 	 1 
-0.816307 	 1.089938 	 1 
-0.987744 	 0.950085 	 1 
-0.979435 	 1.156901 	 1 
-0.922712 	 1.282403 	 1 
-0.682067 	 0.922867 	 1 
-0.639797 	 0.821659 	 1 
-0.757034 	 0.984529 	 1 
-0.898400 	 1.082411 	 1 
-0.821289 	 0.944497 	 1 
-0.580890 	 0.983249 	 1 
-0.597880 	 0.960964 	 1 
-0.790731 	 0.978202 	 1 
-0.676082 	 0.924079 	 1 
-0.872620 	 0.997927 	 1 
-0.688989 	 1.107552 	 1 
-0.868645 	 1.028099 	 1 
-0.783842 	 0.953288 	 1 
-0.800155 	 0.946875 	 1 
-0.740777 	 0.891682 	 1 
-0.823787 	 1.005656 	 1 
-0.831443 	 0.969697 	 1 
-0.831907 	 0.979797 	 1 
-0.927213 	 0.875860 	 1 
-0.789245 	 1.019823 	 1 
-0.798974 	 1.153380 	 1 
-0.759156 	 1.056006 	 1 
-0.875518 	 0.852296 	 1 
-0.762938 	 1.117170 	 1 
-0.985637 	 1.023837 	 1 
-0.696361 	 0.987662 	 1 
-0.818190 	 0.940861 	 1 
-0.649537 	 1.025276 	 1 
-0.637434 	 0.948215 	 1 
-0.820337 	 1.110495 	 1 
-0.723751 	 1.077798 	 1 
-0.769283 	 1.005359 	 1 
-0.867449 	 1.048458 	 1 
-0.880439 	 1.040811 	 1 
-0.776948 	 0.853170 	 1 
-0.818704 	 1.050380 	 1 
-0.792019 	 1.072869 	 1 
-0.797960 	 0.929664 	 1 
-0.736647 	 1.077563 	 1 
-0.728873 	 1.010547 	 1 
-0.849575 	 0.954649 	 1 
-0.690544 	 1.009573 	 1 
-0.864200 	 1.131976 	 1 
-0.817674 	 1.002393 	 1 
-0.893575 	 1.005063 	 1 
-0.836082 	 0.918510 	 1 
-0.718991 	 0.807113 	 1 
-0.794913 	 1.147225 	 1 
-0.772234 	 1.070231 	 1 
-0.623646 	 1.029801 	 1 
-0.736821 	 1.051532 	 1 
-0.708539 	 0.991004 	 1 
-0.767545 	 0.911889 	 1 
-0.869338 	 1.081557 	 1 
-0.717003 	 1.048402 	 1 
-0.793496 	 1.027670 	 1 
-0.644696 	 0.998292 	 1 
-0.740511 	 1.047409 	 1 
-0.801888 	 0.952400 	 1 
-0.721308 	 1.028983 	 1 
-0.962643 	 0.983350 	 1 
-0.782854 	 0.843749 	 1 
-0.786279 	 0.889896 	 1 
-0.775916 	 0.918132 	 1 
-0.732011 	 1.028237 	 1 
-0.758953 	 0.868781 	 1 
-0.809729 	 0.998847 	 1 
-0.880235 	 1.149092 	 1 
-0.752347 	 0.817677 	 1 
-0.670381 	 0.960180 	 1 
-0.839639 	 1.160282 	 1 
-0.873390 	 0.982646 	 1 
-0.703419 	 1.056475 	 1 
-0.848253 	 0.967970 	 1 
-0.743343 	 1.087196 	 1 
-0.670673 	 0.965412 	 1 
-0.704413 	 0.872576 	 1 
-0.898422 	 1.146079 	 1 
-0.865838 	 1.120204 	 1 
-0.800703 	 1.112062 	 1 
-0.823063 	 1.024680 	 1 
-0.640207 	 1.127864 	 1 
-0.749023 	 0.887521 	 1 
-0.866757 	 1.069901 	 1 
-0.864965 	 0.974617 	 1 
-0.692817 	 1.015596 	 1 
0.863120 	 0.909103 	 2 
0.866717 	 0.974857 	 2 
0.813421 	 0.958536 	 2 
0.907721 	 1.010902 	 2 
0.804406 	 0.906166 	 2 
0.838852 	 1.127761 	 2 
0.853167 	 0.847037 	 2 
0.809605 	 1.031381 	 2 
0.821993 	 0.851149 	 2 
0.585513 	 1.154499 	 2 
0.770623 	 0.988492 	 2 
0.878085 	 1.046608 	 2 
0.733504 	 0.884959 	 2 
0.625795 	 1.134632 	 2 
0.888972 	 1.045817 	 2 
0.753193 	 1.025618 	 2 
0.730850 	 0.970386 	 2 
0.670596 	 0.997271 	 2 
0.619126 	 0.992473 	 2 
0.778284 	 1.085909 	 2 
0.666330 	 0.945380 	 2 
0.698453 	 0.953650 	 2 
0.893008 	 0.900747 	 2 
0.752647 	 0.917222 	 2 
0.969756 	 1.078749 	 2 
0.701730 	 1.116907 	 2 
0.832948 	 0.984526 	 2 
0.796059 	 1.011960 	 2 
0.756738 	 1.137185 	 2 
0.937188 	 0.813050 	 2 
0.875830 	 0.940606 	 2 
0.808915 	 1.007129 	 2 
0.780530 	 0.992592 	 2 
0.827921 	 0.901641 	 2 
0.739018 	 0.970237 	 2 
0.634507 	 1.101202 	 2 
0.865735 	 0.931203 	 2 
0.910433 	 1.044626 	 2 
0.827877 	 0.965339 	 2 
0.776654 	 1.010073 	 2 
0.744626 	 1.032493 	 2 
0.890696 	 0.858434 	 2 
0.646864 	 0.958663 	 2 
0.822169 	 1.113356 	 2 
0.732010 	 1.010357 	 2 
0.743519 	 0.969487 	 2 
0.725601 	 0.977736 	 2 
0.743966 	 0.992999 	 2 
0.891222 	 0.883782 	 2 
0.713706 	 1.001496 	 2 
0.835699 	 0.888077 	 2 
0.601015 	 1.114221 	 2 
0.756866 	 1.135687 	 2 
0.726978 	 0.826556 	 2 
0.735168 	 1.147410 	 2 
0.899603 	 0.814060 	 2 
0.835801 	 1.091384 	 2 
0.747763 	 1.021166 	 2 
0.677261 	 0.977056 	 2 
0.838391 	 0.914937 	 2 
0.970743 	 1.129606 	 2 
0.838074 	 1.036156 	 2 
0.861400 	 0.909223 	 2 
0.801877 	 1.007099 	 2 
0.854881 	 0.913406 	 2 
0.769646 	 0.931575 	 2 
0.975918 	 0.936302 	 2 
0.667134 	 0.989070 	 2 
0.850786 	 0.780422 	 2 
0.795874 	 0.971456 	 2 
0.952205 	 0.910343 	 2 
0.730622 	 1.185850 	 2 
0.693994 	 1.016529 	 2 
0.947027 	 0.987372 	 2 
0.939610 	 1.243612 	 2 
0.790986 	 1.030740 	 2 
0.658359 	 1.065886 	 2 
0.937284 	 0.992727 	 2 
0.811913 	 1.085357 	 2 
0.739334 	 0.952903 	 2 
0.780137 	 0.965941 	 2 
0.896445 	 0.820011 	 2 
0.876478 	 1.040732 	 2 
0.875684 	 0.932722 	 2 
0.858506 	 0.884548 	 2 
0.872304 	 0.860219 	 2 
0.751948 	 0.935275 	 2 
0.951208 	 0.994792 	 2 
0.878650 	 1.050282 	 2 
0.956417 	 0.996878 	 2 
0.836341 	 1.001155 	 2 
0.828742 	 1.007367 	 2 
0.843032 	 0.959096 	 2 
0.875046 	 0.965148 	 2 
0.814262 	 1.044630 	 2 
0.559341 	 1.072924 	 2 
0.777993 	 1.075390 	 2 
0.742780 	 0.969811 	 2 
0.811916 	 1.049262 	 2 
0.700792 	 0.975379 	 2 
0.793514 	 0.936057 	 2 
0.824907 	 1.207544 	 2 
0.561541 	 1.140287 	 2 
0.746693 	 0.961780 	 2 
0.675735 	 0.941214 	 2 
0.990674 	 1.018529 	 2 
0.890239 	 0.912707 	 2 
0.608729 	 0.860422 	 2 
0.734647 	 0.847453 	 2 
0.909059 	 1.098393 	 2 
0.673480 	 1.003860 	 2 
0.797614 	 1.074708 	 2 
0.899579 	 0.929190 	 2 
0.808378 	 0.958651 	 2 
0.857276 	 1.005997 	 2 
0.788083 	 1.049334 	 2 
0.910996 	 1.013484 	 2 
0.778422 	 0.990897 	 2 
0.907890 	 1.039587 	 2 
0.831603 	 0.994601 	 2 
0.702367 	 0.974411 	 2 
0.803808 	 1.135728 	 2 
1.012070 	 1.005542 	 2 
0.971440 	 1.016660 	 2 
0.834596 	 0.929281 	 2 
1.124940 	 1.142298 	 2 
0.757157 	 1.023964 	 2 
0.741570 	 0.919061 	 2 
0.709241 	 1.060014 	 2 
0.726151 	 0.840777 	 2 
0.857424 	 0.970664 	 2 
0.703312 	 1.069047 	 2 
0.828171 	 0.811917 	 2 
0.740660 	 0.765256 	 2 
0.669411 	 0.973479 	 2 
0.833495 	 1.005458 	 2 
0.751436 	 1.032375 	 2 
0.705957 	 1.018593 	 2 
0.810057 	 0.994918 	 2 
0.958732 	 0.962323 	 2 
0.961340 	 0.965271 	 2 
0.803705 	 1.012149 	 2 
0.922013 	 1.106998 	 2 
0.896800 	 1.047397 	 2 
0.651064 	 1.115430 	 2 
0.863629 	 1.063408 	 2 
0.657496 	 0.877068 	 2 
0.841737 	 1.096372 	 2 
0.734442 	 1.066092 	 2 
0.807159 	 1.074135 	 2 
0.845916 	 0.947824 	 2 
0.846717 	 0.798852 	 2 
0.881730 	 0.971562 	 2 
0.928965 	 0.979324 	 2 
0.945060 	 1.000332 	 2 
0.837048 	 0.978483 	 2 
0.717307 	 0.998120 	 2 
0.884216 	 1.100991 	 2 
0.797771 	 1.210260 	 2 
0.696610 	 0.872801 	 2 
0.701080 	 1.148907 	 2 
0.789010 	 1.006596 	 2 
0.622150 	 1.102880 	 2 
0.626811 	 0.904542 	 2 
0.837873 	 1.003923 	 2 
0.743948 	 0.990228 	 2 
0.834369 	 0.895869 	 2 
0.742066 	 0.956553 	 2 
0.770317 	 0.872380 	 2 
0.680521 	 1.059888 	 2 
0.626384 	 0.970943 	 2 
0.889671 	 1.122395 	 2 
0.973902 	 1.035125 	 2 
0.798083 	 0.915516 	 2 
0.660757 	 1.065460 	 2 
0.765120 	 1.069983 	 2 
0.671219 	 1.190103 	 2 
0.708660 	 1.047701 	 2 
0.710557 	 0.853554 	 2 
0.604389 	 0.990280 	 2 
0.815017 	 0.969201 	 2 
0.815844 	 0.880576 	 2 
0.671693 	 0.934137 	 2 
0.646539 	 1.134379 	 2 
0.837657 	 1.154839 	 2 
0.726951 	 0.993589 	 2 
0.921124 	 0.929521 	 2 
0.831753 	 1.099666 	 2 
0.781665 	 0.922495 	 2 
0.732352 	 1.072888 	 2 
0.679523 	 0.873264 	 2 
0.737041 	 0.939509 	 2 
0.805972 	 0.976268 	 2 
0.941287 	 0.707782 	 2 
0.840148 	 0.929146 	 2 
0.696889 	 1.065289 	 2 
0.746693 	 0.937395 	 2 
0.821231 	 0.969631 	 2 
0.803050 	 1.126447 	 2 
0.864583 	 0.999683 	 2 
0.744014 	 0.992899 	 2 
0.620511 	 0.914140 	 2 
0.798967 	 0.890412 	 2 
0.775537 	 1.046957 	 2 
0.900179 	 1.311130 	 2 
0.858160 	 0.858023 	 2 
0.756535 	 0.838854 	 2 
0.780532 	 1.193829 	 2 
0.853743 	 0.957463 	 2 
0.843301 	 0.884533 	 2 
0.976293 	 1.105355 	 2 
0.813897 	 0.920863 	 2 
0.667175 	 0.912923 	 2 
0.692041 	 1.098237 	 2 
0.644429 	 1.137235 	 2 
0.814426 	 1.003723 	 2 
1.018913 	 0.984331 	 2 
0.769043 	 0.818169 	 2 
0.655742 	 0.959057 	 2 
0.782173 	 0.997839 	 2 
0.777011 	 0.897102 	 2 
0.816307 	 0.936063 	 2 
0.758127 	 0.790475 	 2 
0.956866 	 0.867030 	 2 
0.750558 	 1.115401 	 2 
0.971798 	 0.840507 	 2 
0.848880 	 0.892338 	 2 
0.752335 	 0.984237 	 2 
0.799142 	 0.893064 	 2 
0.731738 	 0.873362 	 2 
0.773839 	 0.958805 	 2 
0.705741 	 1.036410 	 2 
0.734775 	 0.964851 	 2 
0.947692 	 1.003050 	 2 
0.702161 	 0.879181 	 2 
0.981550 	 0.958994 	 2 
0.894512 	 1.046850 	 2 
0.780828 	 0.815498 	 2 
0.646771 	 0.874592 	 2 
0.737234 	 1.275219 	 2 
0.634002 	 0.913519 	 2 
0.732996 	 0.981154 	 2 
0.897766 	 1.022221 	 2 
0.826852 	 0.997940 	 2 
0.734901 	 0.909387 	 2 
0.808708 	 1.009316 	 2 
0.701743 	 1.052328 	 2 
0.780177 	 0.830798 	 2 
0.729341 	 0.958987 	 2 
0.626622 	 1.112406 	 2 
0.695611 	 1.012956 	 2 
0.862313 	 0.999590 	 2 
0.788877 	 0.938875 	 2 
0.728547 	 1.069692 	 2 
0.940385 	 0.970684 	 2 
0.737830 	 1.106321 	 2 
0.721418 	 0.990923 	 2 
0.922498 	 1.018827 	 2 
0.777329 	 1.165802 	 2 
0.827602 	 1.092529 	 2 
0.854078 	 0.998924 	 2 
0.803035 	 1.017382 	 2 
0.811472 	 0.992588 	 2 
0.908447 	 1.060706 	 2 
0.723077 	 0.963429 	 2 
0.892467 	 1.014732 	 2 
1.032245 	 1.031679 	 2 
0.919473 	 0.981530 	 2 
0.881119 	 0.973155 	 2 
0.676078 	 1.060394 	 2 
0.868403 	 0.918074 	 2 
0.702523 	 1.260387 	 2 
0.840344 	 1.048171 	 2 
0.754611 	 0.884718 	 2 
0.752409 	 1.131925 	 2 
0.757916 	 0.936215 	 2 
0.838571 	 1.040406 	 2 
0.878368 	 0.954938 	 2 
0.925212 	 1.016541 	 2 
0.847851 	 1.122653 	 2 
0.774478 	 0.911765 	 2 
0.736923 	 0.977899 	 2 
0.755976 	 0.943399 	 2 
0.863105 	 1.052224 	 2 
0.668529 	 1.057307 	 2 
0.889946 	 0.950895 	 2 
0.896844 	 1.074834 	 2 
0.701309 	 1.248440 	 2 
0.762628 	 1.008422 	 2 
0.943249 	 0.943329 	 2 
0.911282 	 0.968149 	 2 
0.711713 	 0.836382 	 2 
0.912265 	 1.084424 	 2 
0.793434 	 0.945064 	 2 
0.755141 	 0.970396 	 2 
0.800699 	 0.940641 	 2 
0.691552 	 0.935162 	 2 
0.810656 	 1.060238 	 2 
0.955926 	 0.890008 	 2 
0.726142 	 1.020339 	 2 
0.753614 	 0.898035 	 2 
0.936732 	 1.169364 	 2 
0.796356 	 1.184491 	 2 
0.942103 	 0.706003 	 2 
0.807000 	 1.037772 	 2 
0.937732 	 1.011848 	 2 
0.879292 	 1.052566 	 2 
0.727557 	 0.924540 	 2 
0.873665 	 0.981407 	 2 
0.896989 	 0.910876 	 2 
0.823459 	 1.008687 	 2 
0.612962 	 0.954281 	 2 
0.791299 	 0.919007 	 2 
0.918022 	 0.981703 	 2 
0.714398 	 0.752699 	 2 
0.897392 	 0.893636 	 2 
0.741096 	 0.928671 	 2 
0.787229 	 0.897730 	 2 
0.708494 	 1.004453 	 2 
0.832428 	 1.092140 	 2 
0.796006 	 1.166581 	 2 
0.770744 	 1.171723 	 2 
0.813378 	 1.046734 	 2 
0.684967 	 1.190625 	 2 
0.820729 	 0.783841 	 2 
0.891640 	 1.082569 	 2 
0.774953 	 1.139755 	 2 
0.674696 	 1.013374 	 2 
0.714629 	 1.042071 	 2 
0.960522 	 0.870726 	 2 
0.996552 	 1.136865 	 2 
0.827492 	 0.957971 	 2 
0.893948 	 0.949503 	 2 
0.716681 	 1.160524 	 2 
0.906469 	 1.192078 	 2 
0.693771 	 0.897484 	 2 
0.796480 	 0.886513 	 2 
0.815939 	 0.778637 	 2 
0.774366 	 1.078076 	 2 
0.920045 	 1.163200 	 2 
0.777967 	 1.050072 	 2 
0.878729 	 1.069778 	 2 
0.816375 	 1.172498 	 2 
0.812843 	 1.062912 	 2 
0.808828 	 1.064022 	 2 
0.891599 	 0.950498 	 2 
0.835920 	 1.121833 	 2 
0.738929 	 1.006994 	 2 
0.822987 	 1.021122 	 2 
0.978991 	 0.980853 	 2 
0.623512 	 1.024180 	 2 
0.877635 	 1.017814 	 2 
0.926019 	 1.088300 	 2 
0.716656 	 0.967106 	 2 
0.608219 	 1.055900 	 2 
0.843351 	 1.055564 	 2 
0.690595 	 1.029000 	 2 
0.927663 	 0.925287 	 2 
0.774185 	 1.022022 	 2 
0.747015 	 1.094471 	 2 
0.635108 	 1.108858 	 2 
0.721586 	 1.043026 	 2 
0.790669 	 1.049570 	 2 
0.981525 	 1.064432 	 2 
0.749794 	 1.144984 	 2 
0.647054 	 1.117043 	 2 
0.720071 	 0.925556 	 2 
0.678297 	 1.039827 	 2 
0.737686 	 0.931661 	 2 
0.801181 	 1.024081 	 2 
0.704248 	 1.027217 	 2 
0.639877 	 1.079038 	 2 
0.565736 	 1.046806 	 2 
0.695437 	 0.942422 	 2 
0.814756 	 1.053632 	 2 
0.875226 	 1.030893 	 2 
0.829019 	 1.013397 	 2 
0.617391 	 0.953173 	 2 
0.941748 	 0.953282 	 2 
0.811664 	 1.073326 	 2 
0.689764 	 1.005220 	 2 
0.767150 	 0.912685 	 2 
1.061537 	 0.931926 	 2 
0.823535 	 1.033136 	 2 
0.899511 	 0.849459 	 2 
0.784097 	 0.831816 	 2 
0.904019 	 1.051467 	 2 
0.752498 	 1.022435 	 2 
0.786176 	 0.955756 	 2 
0.888079 	 1.015170 	 2 
0.848670 	 1.064133 	 2 
0.756228 	 0.961543 	 2 
0.633802 	 1.108676 	 2 
0.793763 	 1.101254 	 2 
0.876860 	 0.986257 	 2 
0.691168 	 0.896698 	 2 
0.877234 	 1.060373 	 2 
0.733343 	 1.172246 	 2 
0.866120 	 1.142169 	 2 
0.813805 	 0.976835 	 2 
0.772123 	 1.072822 	 2 
0.859997 	 1.069753 	 2 
0.849408 	 1.014700 	 2 
0.694475 	 1.080224 	 2 
0.816880 	 0.933006 	 2 
0.631773 	 0.914877 	 2 
0.793599 	 1.017557 	 2 
0.763188 	 1.029293 	 2 
0.746287 	 1.105696 	 2 
0.814751 	 1.122722 	 2 
0.674988 	 1.206199 	 2 
0.853243 	 1.151352 	 2 
0.723685 	 1.061385 	 2 
0.845158 	 1.015551 	 2 
0.882740 	 1.113186 	 2 
0.663485 	 1.049120 	 2 
0.901513 	 1.000984 	 2 
-0.056865 	 0.628196 	 3 
0.020833 	 0.679850 	 3 
0.012165 	 0.683635 	 3 
0.053622 	 0.235542 	 3 
0.024175 	 0.008272 	 3 
0.111626 	 0.377674 	 3 
-0.046138 	 0.693116 	 3 
-0.002812 	 0.607950 	 3 
0.083584 	 0.383849 	 3 
0.027514 	 0.613516 	 3 
-0.056161 	 0.157493 	 3 
-0.020897 	 0.747712 	 3 
0.015542 	 0.628501 	 3 
-0.047404 	 0.043933 	 3 
-0.056784 	 0.140338 	 3 
0.006876 	 0.590159 	 3 
0.144236 	 0.244760 	 3 
0.028554 	 0.569016 	 3 
0.126968 	 0.130590 	 3 
0.032977 	 0.416787 	 3 
0.107616 	 0.055685 	 3 
-0.063683 	 0.661645 	 3 
-0.113033 	 0.184982 	 3 
-0.100551 	 0.179244 	 3 
0.010719 	 0.464809 	 3 
-0.028398 	 0.469303 	 3 
0.076190 	 0.425080 	 3 
-0.058740 	 0.675629 	 3 
0.077969 	 0.219567 	 3 
0.057598 	 0.697343 	 3 
-0.100764 	 0.453452 	 3 
0.025849 	 0.653922 	 3 
0.002585 	 0.141476 	 3 
-0.084533 	 0.494753 	 3 
-0.133821 	 0.268070 	 3 
-0.045664 	 0.730200 	 3 
0.000333 	 0.677991 	 3 
0.060196 	 0.580146 	 3 
0.004420 	 0.532002 	 3 
0.083806 	 0.052490 	 3 
-0.048707 	 0.551189 	 3 
0.083971 	 0.537620 	 3 
-0.086054 	 0.299072 	 3 
-0.026971 	 0.629618 	 3 
-0.110140 	 0.051245 	 3 
0.089780 	 0.403169 	 3 
-0.106558 	 0.007897 	 3 
-0.013680 	 0.148342 	 3 
0.138199 	 0.233144 	 3 
-0.045985 	 0.318026 	 3 
-0.050909 	 0.639279 	 3 
0.057731 	 0.503792 	 3 
-0.080628 	 0.471723 	 3 
-0.045942 	 0.259787 	 3 
-0.120774 	 0.033410 	 3 
-0.113809 	 0.286634 	 3 
-0.023637 	 0.049628 	 3 
-0.064761 	 0.119687 	 3 
0.039676 	 0.170948 	 3 
0.155044 	 0.057167 	 3 
-0.055971 	 0.086672 	 3 
0.001796 	 0.073462 	 3 
0.009074 	 0.648495 	 3 
-0.051509 	 0.579205 	 3 
0.119573 	 0.377661 	 3 
0.049827 	 0.226413 	 3 
0.035073 	 0.533992 	 3 
-0.028432 	 0.351504 	 3 
-0.006261 	 0.615376 	 3 
-0.026984 	 0.375895 	 3 
0.066157 	 0.281770 	 3 
0.028521 	 0.681702 	 3 
-0.067350 	 0.640423 	 3 
0.145961 	 0.266444 	 3 
0.053631 	 0.687623 	 3 
0.015772 	 0.171986 	 3 
-0.130435 	 0.271688 	 3 
-0.075175 	 0.284818 	 3 
0.055515 	 0.441419 	 3 
-0.020299 	 0.172881 	 3 
-0.006610 	 0.626949 	 3 
0.002925 	 0.090213 	 3 
0.106620 	 0.099698 	 3 
0.026099 	 0.702194 	 3 
-0.001105 	 0.738409 	 3 
-0.031708 	 0.329472 	 3 
-0.006876 	 0.724338 	 3 
-0.063562 	 0.435942 	 3 
-0.061914 	 0.084115 	 3 
0.109723 	 0.003218 	 3 
-0.132408 	 0.198015 	 3 
-0.131054 	 0.311603 	 3 
-0.063512 	 0.505109 	 3 
0.132939 	 0.272424 	 3 
0.093043 	 0.188977 	 3 
-0.134988 	 0.037367 	 3 
0.040408 	 0.301610 	 3 
-0.092073 	 0.233726 	 3 
-0.123145 	 0.041088 	 3 
0.029194 	 0.688281 	 3 
-0.078834 	 0.558147 	 3 
-0.081239 	 0.386894 	 3 
0.032657 	 0.597387 	 3 
0.026033 	 0.546932 	 3 
-0.039100 	 0.471502 	 3 
0.057967 	 0.104264 	 3 
-0.080288 	 0.594885 	 3 
0.054117 	 0.105428 	 3 
0.083722 	 0.130321 	 3 
-0.021876 	 0.093568 	 3 
0.099446 	 0.494356 	 3 
-0.109677 	 0.379670 	 3 
0.069297 	 0.155427 	 3 
-0.143419 	 0.088005 	 3 
0.040060 	 0.188532 	 3 
0.117223 	 0.347786 	 3 
-0.123638 	 0.256765 	 3 
-0.112392 	 0.370883 	 3 
-0.000225 	 0.724475 	 3 
-0.082116 	 0.383002 	 3 
0.146320 	 0.262828 	 3 
-0.121692 	 0.303257 	 3 
0.013750 	 0.088326 	 3 
0.147538 	 0.231249 	 3 
-0.074083 	 0.485862 	 3 
0.034628 	 0.177657 	 3 
0.103150 	 0.273252 	 3 
-0.039667 	 0.731158 	 3 
0.064131 	 0.535581 	 3 
-0.109021 	 0.397571 	 3 
-0.075260 	 0.349682 	 3 
0.078114 	 0.165151 	 3 
0.038515 	 0.481683 	 3 
-0.105913 	 0.018687 	 3 
0.071911 	 0.381763 	 3 
0.039163 	 0.682899 	 3 
0.103795 	 0.071969 	 3 
-0.005861 	 0.102846 	 3 
0.059964 	 0.503736 	 3 
-0.085376 	 0.523647 	 3 
-0.101245 	 0.432804 	 3 
0.006173 	 0.207299 	 3 
-0.150617 	 0.162959 	 3 
-0.048276 	 0.672534 	 3 
0.014911 	 0.122167 	 3 
0.064648 	 0.542885 	 3 
0.112422 	 0.428970 	 3 
0.055198 	 0.368596 	 3 
0.068256 	 0.446954 	 3 
-0.075986 	 0.181548 	 3 
0.016290 	 0.662237 	 3 
-0.093384 	 0.364528 	 3 
-0.027686 	 0.593991 	 3 
-0.074561 	 0.444751 	 3 
-0.012421 	 0.465009 	 3 
0.173782 	 0.129528 	 3 
0.085753 	 0.434861 	 3 
-0.054828 	 0.236932 	 3 
-0.013749 	 0.690082 	 3 
0.147950 	 0.063766 	 3 
-0.009795 	 0.106209 	 3 
-0.102629 	 0.414806 	 3 
-0.109769 	 0.365413 	 3 
-0.168470 	 0.010408 	 3 
-0.031988 	 0.468001 	 3 
-0.015749 	 0.660032 	 3 
0.025041 	 0.730644 	 3 
-0.059890 	 0.556965 	 3 
0.112087 	 0.022477 	 3 
0.004238 	 0.485441 	 3 
0.040591 	 0.695224 	 3 
0.193585 	 0.007130 	 3 
-0.047281 	 0.628126 	 3 
0.058865 	 0.159797 	 3 
-0.019273 	 0.398388 	 3 
-0.045491 	 0.338401 	 3 
0.029348 	 0.621892 	 3 
-0.094232 	 0.014621 	 3 
-0.072581 	 0.485341 	 3 
-0.007899 	 0.298220 	 3 
0.063413 	 0.638476 	 3 
0.034652 	 0.179570 	 3 
-0.027528 	 0.051012 	 3 
-0.071068 	 0.598781 	 3 
0.000396 	 0.016257 	 3 
0.017162 	 0.136868 	 3 
-0.031424 	 0.651641 	 3 
-0.113425 	 0.129825 	 3 
0.097877 	 0.428580 	 3 
0.053359 	 0.713996 	 3 
0.012633 	 0.627263 	 3 
-0.168489 	 0.068562 	 3 
-0.009750 	 0.605458 	 3 
0.009660 	 0.594976 	 3 
-0.136178 	 0.006047 	 3 
0.112006 	 0.420614 	 3 
-0.072782 	 0.107341 	 3 
0.144295 	 0.138083 	 3 
0.071941 	 0.184668 	 3 
-0.043916 	 0.659811 	 3 
0.017342 	 0.528168 	 3 
0.119360 	 0.306784 	 3 
-0.086062 	 0.507534 	 3 
0.052704 	 0.141798 	 3 
0.042603 	 0.128096 	 3 
-0.045328 	 0.712572 	 3 
-0.075241 	 0.451040 	 3 
0.102466 	 0.434195 	 3 
0.080527 	 0.366459 	 3 
0.069129 	 0.391330 	 3 
-0.008267 	 0.706279 	 3 
-0.114533 	 0.331774 	 3 
0.025118 	 0.457638 	 3 
-0.092964 	 0.214639 	 3 
0.071021 	 0.172733 	 3 
-0.029667 	 0.426274 	 3 
0.009374 	 0.561899 	 3 
-0.086861 	 0.259969 	 3 
0.024500 	 0.302168 	 3 
-0.036829 	 0.427843 	 3 
-0.005375 	 0.035516 	 3 
-0.128598 	 0.007192 	 3 
-0.092505 	 0.122022 	 3 
0.172075 	 0.090574 	 3 
-0.119582 	 0.320993 	 3 
-0.080289 	 0.318588 	 3 
0.021936 	 0.489401 	 3 
-0.071184 	 0.526385 	 3 
-0.009098 	 0.341769 	 3 
-0.086662 	 0.349486 	 3 
0.054436 	 0.277845 	 3 
-0.020760 	 0.593087 	 3 
-0.104209 	 0.211949 	 3 
0.069329 	 0.504944 	 3 
-0.021642 	 0.344927 	 3 
0.072022 	 0.605932 	 3 
0.114359 	 0.353454 	 3 
0.055397 	 0.265754 	 3 
0.039755 	 0.741285 	 3 
-0.025302 	 0.403421 	 3 
-0.091650 	 0.274767 	 3 
0.079454 	 0.055474 	 3 
-0.050071 	 0.408361 	 3 
0.020624 	 0.283336 	 3 
0.027207 	 0.532395 	 3 
0.026420 	 0.216224 	 3 
0.056187 	 0.644680 	 3 
-0.098027 	 0.264814 	 3 
0.057105 	 0.653170 	 3 
0.116863 	 0.394450 	 3 
-0.012190 	 0.434946 	 3 
-0.172067 	 0.069742 	 3 
-0.065485 	 0.615969 	 3 
-0.076493 	 0.312364 	 3 
0.004253 	 0.527270 	 3 
-0.025433 	 0.697797 	 3 
0.039179 	 0.579895 	 3 
-0.162789 	 0.039233 	 3 
-0.093792 	 0.530483 	 3 
0.069114 	 0.626310 	 3 
0.099688 	 0.333780 	 3 
-0.019939 	 0.677861 	 3 
0.168722 	 0.135304 	 3 
-0.052305 	 0.630557 	 3 
0.038743 	 0.536257 	 3 
-0.092672 	 0.149509 	 3 
0.054705 	 0.257900 	 3 
0.040362 	 0.730697 	 3 
-0.017536 	 0.231605 	 3 
-0.030303 	 0.658180 	 3 
-0.037553 	 0.485761 	 3 
0.047226 	 0.597954 	 3 
-0.143704 	 0.021037 	 3 
-0.033216 	 0.724178 	 3 
0.090646 	 0.478368 	 3 
-0.037536 	 0.073930 	 3 
0.067143 	 0.179441 	 3 
0.051277 	 0.195729 	 3 
0.041175 	 0.263505 	 3 
-0.006886 	 0.458466 	 3 
-0.002236 	 0.618593 	 3 
-0.083654 	 0.218942 	 3 
-0.008987 	 0.691141 	 3 
-0.100628 	 0.439157 	 3 
-0.046803 	 0.502418 	 3 
-0.036507 	 0.686787 	 3 
0.049883 	 0.665454 	 3 
-0.115267 	 0.208266 	 3 
0.030271 	 0.749354 	 3 
0.111915 	 0.367652 	 3 
0.036027 	 0.350986 	 3 
-0.053037 	 0.332177 	 3 
0.134964 	 0.293992 	 3 
0.072899 	 0.314846 	 3 
-0.090945 	 0.544092 	 3 
0.033141 	 0.727274 	 3 
0.157880 	 0.076735 	 3 
-0.016553 	 0.152762 	 3 
-0.127815 	 0.125149 	 3 
-0.050673 	 0.430258 	 3 
0.125570 	 0.279160 	 3 
-0.045859 	 0.219931 	 3 
-0.026164 	 0.047982 	 3 
-0.037003 	 0.241006 	 3 
0.145155 	 0.255401 	 3 
0.095257 	 0.313737 	 3 
0.166555 	 0.127304 	 3 
0.006227 	 0.666523 	 3 
-0.044597 	 0.674611 	 3 
0.001795 	 0.725958 	 3 
0.080260 	 0.366128 	 3 
0.128217 	 0.147456 	 3 
0.045355 	 0.533955 	 3 
0.023702 	 0.617006 	 3 
-0.049992 	 0.726867 	 3 
-0.013839 	 0.679304 	 3 
-0.139345 	 0.127224 	 3 
-0.086686 	 0.031742 	 3 
0.026068 	 0.590775 	 3 
0.006704 	 0.572864 	 3 
-0.121153 	 0.190974 	 3 
-0.024499 	 0.666229 	 3 
-0.112402 	 0.039664 	 3 
-0.108650 	 0.213092 	 3 
-0.086284 	 0.335339 	 3 
0.073687 	 0.008013 	 3 
-0.125479 	 0.128736 	 3 
0.004828 	 0.730181 	 3 
-0.082926 	 0.351118 	 3 
-0.137514 	 0.102618 	 3 
0.000067 	 0.621132 	 3 
0.031930 	 0.104361 	 3 
0.016048 	 0.460988 	 3 
-0.030776 	 0.308373 	 3 
-0.101618 	 0.339535 	 3 
-0.038638 	 0.253599 	 3 
0.059555 	 0.133057 	 3 
-0.008492 	 0.540825 	 3 
0.190329 	 0.000475 	 3 
0.022380 	 0.229608 	 3 
0.151027 	 0.014859 	 3 
-0.024848 	 0.415133 	 3 
0.152489 	 0.028544 	 3 
0.104563 	 0.208611 	 3 
0.058443 	 0.551680 	 3 
0.013118 	 0.240765 	 3 
-0.031188 	 0.243494 	 3 
-0.127805 	 0.271729 	 3 
0.051582 	 0.576055 	 3 
-0.050795 	 0.297431 	 3 
-0.109592 	 0.367117 	 3 
0.033945 	 0.575234 	 3 
0.095166 	 0.506193 	 3 
0.042655 	 0.706024 	 3 
0.029469 	 0.512267 	 3 
-0.113405 	 0.326873 	 3 
-0.065652 	 0.476364 	 3 
0.005398 	 0.219212 	 3 
-0.146295 	 0.188475 	 3 
-0.063817 	 0.038443 	 3 
0.040643 	 0.662477 	 3 
0.029880 	 0.498660 	 3 
0.003179 	 0.345022 	 3 
0.009057 	 0.061824 	 3 
0.033423 	 0.702778 	 3 
0.098996 	 0.298218 	 3 
0.068490 	 0.579124 	 3 
-0.038734 	 0.497653 	 3 
0.118995 	 0.042432 	 3 
-0.080691 	 0.407646 	 3 
0.091716 	 0.081591 	 3 
-0.129628 	 0.076038 	 3 
0.077583 	 0.240391 	 3 
0.159283 	 0.189273 	 3 
-0.039398 	 0.360321 	 3 
0.110606 	 0.324693 	 3 
0.031883 	 0.096703 	 3 
-0.126263 	 0.142430 	 3 
-0.104634 	 0.403837 	 3 
0.015422 	 0.516253 	 3 
0.063063 	 0.372332 	 3 
0.014831 	 0.541698 	 3 
0.016296 	 0.537352 	 3 
0.000860 	 0.181529 	 3 
-0.099075 	 0.020259 	 3 
0.107091 	 0.375009 	 3 
-0.054042 	 0.284232 	 3 
0.056356 	 0.692028 	 3 
-0.049496 	 0.481541 	 3 
-0.068385 	 0.145886 	 3 
-0.065301 	 0.434754 	 3 
0.126494 	 0.261935 	 3 
-0.108041 	 0.256830 	 3 
0.001627 	 0.726454 	 3 
-0.062063 	 0.444072 	 3 
0.000128 	 0.650213 	 3 
-0.051814 	 0.077665 	 3 
-0.033465 	 0.746600 	 3 
-0.010459 	 0.657974 	 3 
-0.014451 	 0.708191 	 3 
-0.047193 	 0.606175 	 3 
-0.049176 	 0.582965 	 3 
-0.033823 	 0.561995 	 3 
-0.179693 	 0.039177 	 3 
-0.043424 	 0.371853 	 3 
0.069103 	 0.578872 	 3 
0.027096 	 0.597928 	 3 
0.015925 	 0.564116 	 3 
0.136339 	 0.205524 	 3 
-0.051613 	 0.543669 	 3 
0.142351 	 0.013996 	 3 
0.057024 	 0.463114 	 3 
-0.071371 	 0.242245 	 3 
-0.071621 	 0.493784 	 3 
0.056990 	 0.466043 	 3 
-0.049801 	 0.009205 	 3 
-0.046282 	 0.509820 	 3 
-0.097428 	 0.041741 	 3 
0.043930 	 0.714052 	 3 
-0.097853 	 0.416056 	 3 
0.046601 	 0.628783 	 3 
-0.012705 	 0.525442 	 3 
0.033560 	 0.612468 	 3 
0.074100 	 0.328438 	 3 
0.039740 	 0.587138 	 3 
0.033573 	 0.230247 	 3 
-0.018857 	 0.176312 	 3 
-0.027119 	 0.575916 	 3 
0.052128 	 0.364206 	 3 
0.006710 	 0.711471 	 3 
0.004031 	 0.548237 	 3 
0.000388 	 0.494536 	 3 
0.024938 	 0.178465 	 3 
0.119222 	 0.133109 	 3 
0.090985 	 0.169573 	 3 
0.016541 	 0.156911 	 3 
-0.055240 	 0.715302 	 3 
-0.118334 	 0.354501 	 3 
0.071125 	 0.424423 	 3 
0.104845 	 0.264057 	 3 
-0.080804 	 0.579596 	 3 
0.002059 	 0.706012 	 3 
0.078095 	 0.378297 	 3 
-0.053003 	 0.138612 	 3 
-0.038795 	 0.723807 	 3 
0.043775 	 0.109783 	 3 
0.110048 	 0.327703 	 3 
0.093248 	 0.075784 	 3 
-0.099697 	 0.479948 	 3 
-0.068829 	 0.615691 	 3 
0.043402 	 0.305691 	 3 
-0.088769 	 0.530542 	 3 
0.021436 	 0.606764 	 3 
0.105931 	 0.235012 	 3 
-0.004681 	 0.703226 	 3 
-0.059319 	 0.578995 	 3 
-0.010980 	 0.039494 	 3 
-0.034851 	 0.106860 	 3 
-0.118776 	 0.048727 	 3 
0.089223 	 0.375341 	 3 
-0.044557 	 0.368359 	 3 
-0.032689 	 0.225733 	 3 
-0.016138 	 0.694147 	 3 
-0.088450 	 0.551084 	 3 
0.139969 	 0.233565 	 3 
-0.081785 	 0.100942 	 3 
0.044025 	 0.399236 	 3 
0.028948 	 0.278482 	 3 
0.009774 	 0.618389 	 3 
-0.022784 	 0.098565 	 3 
-0.003066 	 0.748744 	 3 
0.106856 	 0.118928 	 3 
0.010676 	 0.682290 	 3 
0.070498 	 0.206265 	 3 
0.006720 	 0.062852 	 3 
-0.037575 	 0.555907 	 3 
0.007462 	 0.475888 	 3 
0.011163 	 0.342002 	 3 
-0.044794 	 0.672335 	 3 
-0.134439 	 0.130263 	 3 
-0.036017 	 0.715976 	 3 
-0.155163 	 0.190367 	 3 
0.081228 	 0.203646 	 3 
0.032480 	 0.576635 	 3 
0.047213 	 0.233645 	 3 
-0.069018 	 0.375232 	 3 
-0.134677 	 0.057130 	 3 
-0.107001 	 0.194798 	 3 
-0.002167 	 0.449282 	 3 
0.061659 	 0.280094 	 3 
0.046336 	 0.026540 	 3 
-0.020645 	 0.729787 	 3 
0.068998 	 0.488446 	 3 
-0.020165 	 0.223983 	 3 
-0.030910 	 0.555788 	 3 
-0.040427 	 0.252291 	 3 
-0.080385 	 0.560440 	 3 
0.053746 	 0.602107 	 3 
0.128969 	 0.052465 	 3 
-0.057350 	 0.710136 	 3 
0.106827 	 0.158058 	 3 
-0.102178 	 0.291126 	 3 
-0.023228 	 0.551903 	 3 
-0.028751 	 0.533517 	 3 
-0.059243 	 0.116781 	 3 
-0.031841 	 0.655390 	 3 
-0.030136 	 0.247712 	 3 
0.016165 	 0.376709 	 3 
0.153317 	 0.194676 	 3 
-0.033518 	 0.661756 	 3 
0.018938 	 0.567466 	 3 
-0.056878 	 0.490352 	 3 
0.011758 	 0.731092 	 3 
-0.007866 	 0.301273 	 3 
-0.118621 	 0.306116 	 3 
0.036067 	 0.746354 	 3 
0.045372 	 0.067662 	 3 
0.033716 	 0.570683 	 3 
0.151747 	 0.170018 	 3 
0.081552 	 0.321139 	 3 
-0.068403 	 0.459246 	 3 
-0.074679 	 0.553322 	 3 
0.007598 	 0.265583 	 3 
0.011345 	 0.632798 	 3 
0.079672 	 0.376443 	 3 
0.015044 	 0.706434 	 3 
-0.012840 	 0.634750 	 3 
0.044354 	 0.674638 	 3 
0.087846 	 0.265764 	 3 
-0.024734 	 0.269783 	 3 
0.015370 	 0.521451 	 3 
0.089980 	 0.406030 	 3 
-0.106507 	 0.345481 	 3 
0.059524 	 0.203955 	 3 
0.114891 	 0.078326 	 3 
-0.177306 	 0.022397 	 3 
0.075561 	 0.070415 	 3 
0.120583 	 0.086147 	 3 
-0.032307 	 0.379912 	 3 
0.077140 	 0.201724 	 3 
-0.050531 	 0.476391 	 3 
-0.067957 	 0.194837 	 3 
0.059350 	 0.501759 	 3 
0.029589 	 0.132712 	 3 
0.146332 	 0.035467 	 3 
-0.174055 	 0.014811 	 3 
0.046113 	 0.227488 	 3 
0.091410 	 0.252054 	 3 
0.020773 	 0.060175 	 3 
-0.032982 	 0.539420 	 3 
-0.081321 	 0.373675 	 3 
-0.177956 	 0.068917 	 3 
0.092822 	 0.290065 	 3 
0.043428 	 0.372415 	 3 
-0.011319 	 0.521695 	 3 
-0.023135 	 0.459911 	 3 
-0.016228 	 0.427714 	 3 
-0.142029 	 0.279459 	 3 
0.045081 	 0.039164 	 3 
-0.023895 	 0.135699 	 3 
-0.079291 	 0.334748 	 3 
0.005630 	 0.711796 	 3 
-0.082981 	 0.397878 	 3 
-0.106855 	 0.291504 	 3 
-0.063508 	 0.358755 	 3 
0.146124 	 0.205307 	 3 
0.004744 	 0.540238 	 3 
0.030736 	 0.175021 	 3 
-0.021475 	 0.672334 	 3 
-0.052713 	 0.589239 	 3 
0.004358 	 0.073253 	 3 
-0.020234 	 0.311994 	 3 
-0.044378 	 0.710672 	 3 
-0.160567 	 0.173954 	 3 
0.029286 	 0.714740 	 3 
0.000988 	 0.045883 	 3 
0.058356 	 0.634434 	 3 
-0.136701 	 0.199667 	 3 
0.055638 	 0.662365 	 3 
-0.029112 	 0.479782 	 3 
-0.053273 	 0.625202 	 3 
-0.094097 	 0.302708 	 3 
0.136062 	 0.178716 	 3 
-0.022997 	 0.403778 	 3 
0.050720 	 0.711540 	 3 
0.045332 	 0.125737 	 3 
0.000175 	 0.618220 	 3 
0.016416 	 0.503389 	 3 
-0.122778 	 0.146306 	 3 
0.094729 	 0.157113 	 3 
-0.156874 	 0.079670 	 3 
-0.032741 	 0.341905 	 3 
0.022565 	 0.692367 	 3 
0.034653 	 0.664264 	 3 
-0.015286 	 0.276735 	 3 
0.064250 	 0.534010 	 3 
0.050130 	 0.726757 	 3 
0.087497 	 0.334581 	 3 
-0.163766 	 0.107206 	 3 
-0.051292 	 0.657216 	 3 
-0.072351 	 0.575632 	 3 
0.056752 	 0.676814 	 3 
-0.034773 	 0.044504 	 3 
0.088010 	 0.197838 	 3 
-0.012344 	 0.708226 	 3 
0.061558 	 0.588025 	 3 
-0.007401 	 0.084502 	 3 
0.051087 	 0.035162 	 3 
-0.004748 	 0.185034 	 3 
-0.044717 	 0.611054 	 3 
0.011288 	 0.458628 	 3 
0.078914 	 0.451463 	 3 
-0.037460 	 0.522769 	 3 
0.029361 	 0.734973 	 3 
-0.076874 	 0.329714 	 3 
0.008090 	 0.725108 	 3 
0.058766 	 0.589776 	 3 
-0.033530 	 0.719952 	 3 
-0.034839 	 0.238910 	 3 
0.131413 	 0.060426 	 3 
-0.066331 	 0.548126 	 3 
0.058082 	 0.060514 	 3 
0.130334 	 0.197661 	 3 
-0.032059 	 0.494497 	 3 
0.144550 	 0.159481 	 3 
-0.459567 	 -0.861505 	 4 
-0.420413 	 -0.861199 	 4 
0.553210 	 -0.664297 	 4 
0.729068 	 -0.464256 	 4 
-0.147903 	 -0.910333 	 4 
-0.562986 	 -0.706473 	 4 
-0.197636 	 -0.994555 	 4 
0.067948 	 -0.983127 	 4 
-0.279370 	 -0.872285 	 4 
0.319078 	 -0.932970 	 4 
0.716160 	 -0.426538 	 4 
0.308672 	 -0.883002 	 4 
0.507151 	 -0.739733 	 4 
-0.141114 	 -1.021496 	 4 
0.006847 	 -1.026414 	 4 
-0.826774 	 -0.293437 	 4 
0.945957 	 -0.099213 	 4 
0.639676 	 -0.614812 	 4 
0.024472 	 -1.044273 	 4 
0.508993 	 -0.749687 	 4 
0.734945 	 -0.452111 	 4 
-0.674432 	 -0.550931 	 4 
0.472392 	 -0.745972 	 4 
-0.283933 	 -0.977599 	 4 
0.049645 	 -0.998967 	 4 
-0.606704 	 -0.639022 	 4 
-0.520070 	 -0.726215 	 4 
-0.731441 	 -0.442325 	 4 
0.399123 	 -0.788052 	 4 
-0.470679 	 -0.839611 	 4 
0.675084 	 -0.497048 	 4 
0.133079 	 -0.946498 	 4 
-0.060691 	 -1.030161 	 4 
-0.772894 	 -0.481459 	 4 
0.460417 	 -0.815755 	 4 
0.989537 	 -0.008605 	 4 
0.612003 	 -0.627361 	 4 
-0.276178 	 -0.847435 	 4 
-0.505147 	 -0.700045 	 4 
-0.320788 	 -0.706306 	 4 
-0.325109 	 -0.836167 	 4 
-0.337218 	 -0.852409 	 4 
-0.501226 	 -0.789817 	 4 
0.914035 	 -0.135633 	 4 
0.905166 	 -0.167551 	 4 
-0.078453 	 -0.977966 	 4 
0.527212 	 -0.728972 	 4 
0.127130 	 -0.984341 	 4 
-0.765669 	 -0.318384 	 4 
-0.752160 	 -0.550631 	 4 
0.339386 	 -0.800313 	 4 
0.161935 	 -1.004887 	 4 
-0.907535 	 -0.199827 	 4 
0.491930 	 -0.714668 	 4 
0.097648 	 -0.933830 	 4 
0.313669 	 -0.976356 	 4 
0.156565 	 -1.017837 	 4 
0.458638 	 -0.804268 	 4 
-0.017653 	 -1.012336 	 4 
0.056195 	 -0.996378 	 4 
0.397180 	 -0.863643 	 4 
-0.704570 	 -0.550618 	 4 
-0.017185 	 -1.022807 	 4 
0.737952 	 -0.476498 	 4 
-0.495378 	 -0.791018 	 4 
-0.340637 	 -0.734641 	 4 
-0.265351 	 -0.913539 	 4 
0.988778 	 -0.060120 	 4 
0.748894 	 -0.383620 	 4 
0.607327 	 -0.584063 	 4 
0.919779 	 -0.157317 	 4 
-0.750664 	 -0.421108 	 4 
0.644359 	 -0.670453 	 4 
0.592632 	 -0.672659 	 4 
-0.222498 	 -0.926402 	 4 
-0.431745 	 -0.797488 	 4 
0.243024 	 -0.911757 	 4 
0.898749 	 -0.237145 	 4 
-0.837775 	 -0.320772 	 4 
-0.993008 	 -0.001998 	 4 
-0.413735 	 -0.799031 	 4 
0.610533 	 -0.601793 	 4 
0.892568 	 -0.222234 	 4 
0.857095 	 -0.280712 	 4 
-0.447393 	 -0.729828 	 4 
-0.151648 	 -0.968345 	 4 
0.614488 	 -0.633832 	 4 
-0.740386 	 -0.417474 	 4 
-0.605687 	 -0.636803 	 4 
-0.669691 	 -0.501457 	 4 
-0.953743 	 -0.122670 	 4 
-0.540448 	 -0.718778 	 4 
0.094386 	 -0.942947 	 4 
-0.160038 	 -0.923791 	 4 
0.675588 	 -0.561296 	 4 
-0.106220 	 -1.002143 	 4 
-0.743167 	 -0.441869 	 4 
-0.733354 	 -0.420614 	 4 
-0.370350 	 -0.932015 	 4 
0.065685 	 -1.044746 	 4 
-0.553821 	 -0.755483 	 4 
-0.867462 	 -0.300936 	 4 
-0.760127 	 -0.367226 	 4 
0.521437 	 -0.730346 	 4 
-0.358691 	 -0.820384 	 4 
0.987421 	 -0.029549 	 4 
0.119621 	 -0.983585 	 4 
0.715523 	 -0.436600 	 4 
0.229951 	 -0.902275 	 4 
-0.082701 	 -0.987779 	 4 
0.956795 	 -0.205540 	 4 
-0.548279 	 -0.649324 	 4 
-0.644537 	 -0.650518 	 4 
-0.059070 	 -1.014669 	 4 
0.580897 	 -0.681513 	 4 
-0.145283 	 -0.937206 	 4 
-0.759183 	 -0.528956 	 4 
-0.050558 	 -1.037431 	 4 
-0.951166 	 -0.135702 	 4 
-0.068630 	 -0.900348 	 4 
-0.455474 	 -0.730784 	 4 
0.238656 	 -0.832782 	 4 
-0.253049 	 -0.934265 	 4 
0.928508 	 -0.087615 	 4 
-0.370831 	 -0.854127 	 4 
0.682618 	 -0.582060 	 4 
-0.678558 	 -0.474520 	 4 
-0.902991 	 -0.197994 	 4 
-0.091521 	 -0.984907 	 4 
0.978478 	 0.036266 	 4 
-0.201856 	 -1.045643 	 4 
0.138037 	 -0.922323 	 4 
0.797200 	 -0.349568 	 4 
-0.429400 	 -0.831741 	 4 
-0.299141 	 -0.890068 	 4 
0.505267 	 -0.764309 	 4 
-0.925977 	 -0.057235 	 4 
-0.944244 	 -0.085574 	 4 
-0.160240 	 -0.911804 	 4 
-0.587903 	 -0.599421 	 4 
-0.519301 	 -0.789071 	 4 
0.820960 	 -0.248963 	 4 
0.694009 	 -0.479757 	 4 
0.715217 	 -0.422968 	 4 
-0.678309 	 -0.516629 	 4 
-0.219850 	 -0.938072 	 4 
-0.776741 	 -0.302651 	 4 
-0.672879 	 -0.529710 	 4 
-0.623819 	 -0.636855 	 4 
-0.345051 	 -0.917088 	 4 
0.118185 	 -0.932168 	 4 
-0.889116 	 -0.246901 	 4 
-0.919785 	 -0.126104 	 4 
-0.897058 	 -0.216291 	 4 
-0.575088 	 -0.721088 	 4 
0.922587 	 -0.233965 	 4 
-0.236631 	 -0.881485 	 4 
0.960358 	 -0.072683 	 4 
-0.128293 	 -0.997020 	 4 
-0.818252 	 -0.327866 	 4 
0.551465 	 -0.717335 	 4 
0.727597 	 -0.486979 	 4 
-0.558006 	 -0.720412 	 4 
-0.606462 	 -0.648921 	 4 
-0.510959 	 -0.779207 	 4 
0.037819 	 -1.037768 	 4 
0.760867 	 -0.399447 	 4 
-0.718185 	 -0.526869 	 4 
-0.740479 	 -0.363091 	 4 
-0.701049 	 -0.452871 	 4 
0.937409 	 -0.138072 	 4 
-0.019806 	 -0.881104 	 4 
0.311640 	 -1.010844 	 4 
0.164741 	 -1.049608 	 4 
0.910917 	 -0.096921 	 4 
0.966371 	 -0.029922 	 4 
-0.621610 	 -0.578006 	 4 
-0.725503 	 -0.515134 	 4 
0.386514 	 -0.922142 	 4 
0.031129 	 -0.930316 	 4 
0.750612 	 -0.432160 	 4 
-0.289723 	 -0.919550 	 4 
-0.174780 	 -1.010360 	 4 
0.937581 	 -0.161123 	 4 
-0.979758 	 -0.068055 	 4 
-0.541022 	 -0.626668 	 4 
-0.365772 	 -0.882153 	 4 
-0.105756 	 -0.937227 	 4 
0.698320 	 -0.421009 	 4 
-0.599553 	 -0.590140 	 4 
-0.242225 	 -0.959331 	 4 
0.041977 	 -0.972961 	 4 
-0.472043 	 -0.765059 	 4 
-0.774622 	 -0.420082 	 4 
0.970873 	 0.002510 	 4 
-0.566511 	 -0.766302 	 4 
-0.949034 	 -0.140467 	 4 
0.448591 	 -0.869021 	 4 
0.446325 	 -0.766292 	 4 
-0.666660 	 -0.546214 	 4 
0.355205 	 -0.939138 	 4 
0.358371 	 -0.829246 	 4 
-0.193945 	 -0.930535 	 4 
-0.397011 	 -0.839035 	 4 
-0.117182 	 -0.980520 	 4 
-0.364212 	 -0.871510 	 4 
0.619858 	 -0.628410 	 4 
-0.213640 	 -1.009278 	 4 
0.007522 	 -0.950631 	 4 
0.256662 	 -0.869578 	 4 
0.069943 	 -0.991326 	 4 
0.140836 	 -0.980475 	 4 
-0.300098 	 -0.917906 	 4 
-0.320334 	 -0.925461 	 4 
0.265946 	 -0.957699 	 4 
-0.739221 	 -0.525221 	 4 
-0.879621 	 -0.261169 	 4 
0.414414 	 -0.792288 	 4 
0.552424 	 -0.707091 	 4 
-0.935224 	 -0.128058 	 4 
0.088284 	 -0.977526 	 4 
-0.263210 	 -0.953046 	 4 
-0.299725 	 -0.873359 	 4 
0.016171 	 -1.035852 	 4 
-0.127881 	 -0.954421 	 4 
-0.756847 	 -0.391531 	 4 
-0.446622 	 -0.821755 	 4 
-0.915974 	 -0.229909 	 4 
0.239857 	 -0.996569 	 4 
0.677721 	 -0.471249 	 4 
-0.397508 	 -0.907205 	 4 
-0.092882 	 -0.996319 	 4 
0.491512 	 -0.711081 	 4 
-0.478121 	 -0.813630 	 4 
0.336902 	 -0.906311 	 4 
0.215198 	 -0.921964 	 4 
-0.438730 	 -0.879427 	 4 
0.080201 	 -1.026235 	 4 
0.203687 	 -0.922111 	 4 
-0.940141 	 -0.115279 	 4 
0.222844 	 -0.975904 	 4 
0.532414 	 -0.749494 	 4 
-0.849539 	 -0.216583 	 4 
0.746521 	 -0.385750 	 4 
0.154137 	 -1.007226 	 4 
-0.998020 	 0.007153 	 4 
-0.267527 	 -0.906918 	 4 
-0.502621 	 -0.678620 	 4 
0.669918 	 -0.574151 	 4 
0.593651 	 -0.664512 	 4 
-0.046703 	 -0.949768 	 4 
-0.045409 	 -0.998127 	 4 
0.740817 	 -0.435602 	 4 
-0.698394 	 -0.536066 	 4 
-0.867939 	 -0.251541 	 4 
0.006263 	 -0.993319 	 4 
-0.900182 	 -0.151203 	 4 
0.665488 	 -0.556183 	 4 
0.080627 	 -0.970540 	 4 
-0.273516 	 -0.904553 	 4 
0.747814 	 -0.367078 	 4 
0.927209 	 -0.053229 	 4 
0.788435 	 -0.424183 	 4 
0.455256 	 -0.709792 	 4 
-0.353723 	 -0.972365 	 4 
0.343552 	 -0.891863 	 4 
-0.945608 	 -0.119862 	 4 
0.502776 	 -0.800870 	 4 
-0.650748 	 -0.516553 	 4 
0.074992 	 -0.932750 	 4 
-0.031523 	 -0.976590 	 4 
-0.556312 	 -0.860198 	 4 
-0.896382 	 -0.228578 	 4 
0.426632 	 -0.835572 	 4 
-0.021959 	 -1.042351 	 4 
0.746336 	 -0.361987 	 4 
-0.822739 	 -0.329022 	 4 
0.188995 	 -1.020481 	 4 
-0.538889 	 -0.652088 	 4 
-0.990777 	 -0.084893 	 4 
-0.536784 	 -0.685284 	 4 
0.058491 	 -0.998425 	 4 
0.275366 	 -0.899105 	 4 
-0.328139 	 -0.945770 	 4 
-0.171051 	 -0.944386 	 4 
0.451342 	 -0.779556 	 4 
-0.740732 	 -0.437761 	 4 
-0.787413 	 -0.391771 	 4 
0.109902 	 -0.933063 	 4 
-0.740777 	 -0.520097 	 4 
0.229699 	 -0.969985 	 4 
-0.969794 	 -0.006301 	 4 
-0.447381 	 -0.800659 	 4 
-0.008368 	 -0.980087 	 4 
0.360146 	 -0.892954 	 4 
0.495457 	 -0.709680 	 4 
-0.041174 	 -1.038797 	 4 
-0.416829 	 -0.772264 	 4 
-0.343891 	 -0.876630 	 4 
-0.330263 	 -0.884553 	 4 
-0.261714 	 -0.941069 	 4 
0.445460 	 -0.758908 	 4 
0.549540 	 -0.708188 	 4 
0.631646 	 -0.651615 	 4 
0.721818 	 -0.445253 	 4 
0.986817 	 0.034845 	 4 
-0.790549 	 -0.265376 	 4 
-0.512754 	 -0.759504 	 4 
-0.254550 	 -0.959429 	 4 
-0.594011 	 -0.639347 	 4 
0.943778 	 -0.066004 	 4 
0.233655 	 -0.928048 	 4 
-0.718979 	 -0.465295 	 4 
-0.571457 	 -0.682495 	 4 
-0.288138 	 -0.930691 	 4 
0.299992 	 -0.932455 	 4 
0.514052 	 -0.646606 	 4 
-0.363252 	 -0.841600 	 4 
0.973760 	 0.003336 	 4 
-0.720290 	 -0.490829 	 4 
0.372428 	 -0.895210 	 4 
0.903413 	 -0.198074 	 4 
0.970877 	 -0.085039 	 4 
0.697908 	 -0.466570 	 4 
0.519013 	 -0.735771 	 4 
-0.759596 	 -0.480410 	 4 
0.621298 	 -0.534016 	 4 
0.901433 	 -0.213218 	 4 
0.754307 	 -0.425193 	 4 
-0.837628 	 -0.258836 	 4 
0.433256 	 -0.716317 	 4 
0.387542 	 -0.770517 	 4 
0.862258 	 -0.213527 	 4 
0.460487 	 -0.873476 	 4 
-0.025134 	 -1.024430 	 4 
-0.022750 	 -1.021414 	 4 
-0.172997 	 -1.034472 	 4 
-0.492894 	 -0.812223 	 4 
-0.905054 	 -0.255528 	 4 
0.027877 	 -0.972123 	 4 
0.812569 	 -0.336290 	 4 
-0.071303 	 -0.977329 	 4 
-0.439992 	 -0.783665 	 4 
-0.943288 	 -0.054087 	 4 
0.916636 	 -0.255507 	 4 
0.436356 	 -0.779415 	 4 
-0.626284 	 -0.550733 	 4 
0.110311 	 -1.012141 	 4 
0.621507 	 -0.669797 	 4 
-0.580098 	 -0.663989 	 4 
0.057610 	 -1.037090 	 4 
0.392230 	 -0.890018 	 4 
-0.607252 	 -0.617146 	 4 
-0.693780 	 -0.490786 	 4 
-0.207609 	 -0.942815 	 4 
-0.563691 	 -0.643541 	 4 
0.947084 	 -0.102891 	 4 
-0.075556 	 -1.060944 	 4 
-0.380220 	 -0.782158 	 4 
-0.375927 	 -0.876128 	 4 
-0.836503 	 -0.271526 	 4 
0.667208 	 -0.535851 	 4 
-0.692222 	 -0.519347 	 4 
0.155370 	 -0.986648 	 4 
-0.585548 	 -0.550335 	 4 
0.794035 	 -0.385845 	 4 
0.328000 	 -0.911945 	 4 
-0.012453 	 -1.048214 	 4 
-0.961349 	 0.020545 	 4 
-0.299805 	 -0.830154 	 4 
-0.228184 	 -0.949928 	 4 
0.480992 	 -0.792188 	 4 
-0.554365 	 -0.732704 	 4 
-0.139430 	 -0.955616 	 4 
-0.965496 	 -0.068416 	 4 
0.153245 	 -1.072058 	 4 
-0.535269 	 -0.724484 	 4 
0.511121 	 -0.748591 	 4 
-0.511123 	 -0.768412 	 4 
0.494218 	 -0.736073 	 4 
0.042674 	 -0.959717 	 4 
0.088342 	 -0.924180 	 4 
0.314175 	 -0.859501 	 4 
0.401761 	 -0.844103 	 4 
0.507885 	 -0.716336 	 4 
0.245396 	 -0.919728 	 4 
-0.885870 	 -0.207932 	 4 
-0.270202 	 -0.956163 	 4 
-0.649946 	 -0.596266 	 4 
0.814424 	 -0.314636 	 4 
0.963658 	 -0.026872 	 4 
0.272904 	 -0.864746 	 4 
-0.930064 	 -0.265609 	 4 
0.161869 	 -0.942267 	 4 
-0.181675 	 -0.889584 	 4 
-0.335901 	 -0.812572 	 4 
0.437885 	 -0.826186 	 4 
-0.449986 	 -0.803020 	 4 
-0.212062 	 -0.866776 	 4 
-0.673718 	 -0.627119 	 4 
-0.574156 	 -0.736799 	 4 
0.831934 	 -0.252549 	 4 
-0.582928 	 -0.735319 	 4 
0.483629 	 -0.660514 	 4 
-0.300252 	 -0.830869 	 4 
-0.947803 	 -0.078601 	 4 
-0.447187 	 -0.854026 	 4 
0.617567 	 -0.563997 	 4 
-0.047910 	 -0.941974 	 4 
-0.329170 	 -0.918957 	 4 
0.702464 	 -0.514625 	 4 
0.858801 	 -0.264740 	 4 
0.843397 	 -0.341161 	 4 
0.872774 	 -0.207038 	 4 
0.613771 	 -0.685776 	 4 
-0.100496 	 -1.067540 	 4 
0.505072 	 -0.782331 	 4 
-0.895926 	 -0.208919 	 4 
-0.723109 	 -0.443189 	 4 
-0.141899 	 -0.952096 	 4 
0.277655 	 -0.880423 	 4 
0.117752 	 -0.997068 	 4 
-0.678751 	 -0.594102 	 4 
-0.246747 	 -0.869489 	 4 
-0.046788 	 -0.985406 	 4 
0.985179 	 -0.022139 	 4 
-0.420500 	 -0.812254 	 4 
-0.307176 	 -0.873335 	 4 
0.116338 	 -0.932187 	 4 
0.154807 	 -0.964524 	 4 
0.230111 	 -1.063715 	 4 
0.858953 	 -0.286111 	 4 
-0.386077 	 -0.921574 	 4 
0.391407 	 -0.845441 	 4 
-0.099253 	 -0.969512 	 4 
0.139067 	 -1.000520 	 4 
-0.686492 	 -0.471341 	 4 
-0.415580 	 -0.829702 	 4 
-0.772218 	 -0.402381 	 4 
-0.704457 	 -0.505786 	 4 
-0.761538 	 -0.416780 	 4 
0.128792 	 -0.921062 	 4 
0.735674 	 -0.482334 	 4 
0.098579 	 -0.991083 	 4 
-0.332604 	 -0.871028 	 4 
-0.071391 	 -1.117838 	 4 
-0.384826 	 -0.895378 	 4 
0.171242 	 -1.020165 	 4 
-0.630483 	 -0.626634 	 4 
0.905374 	 -0.187213 	 4 
0.302629 	 -0.949910 	 4 
-0.540231 	 -0.736596 	 4 
0.756877 	 -0.403905 	 4 
-0.895055 	 -0.187786 	 4 
-0.505520 	 -0.720977 	 4 
0.816658 	 -0.372019 	 4 
0.930166 	 -0.130263 	 4 
0.109669 	 -1.056628 	 4 
-0.692353 	 -0.453516 	 4 
-0.084020 	 -0.929113 	 4 
0.500128 	 -0.773187 	 4 
0.269614 	 -0.879501 	 4 
-0.886262 	 -0.220556 	 4 
-0.222596 	 -0.997399 	 4 
0.271457 	 -0.849930 	 4 
-0.144233 	 -0.975661 	 4 
-0.407779 	 -0.829579 	 4 
0.939517 	 -0.093269 	 4 
0.427233 	 -0.907120 	 4 
-0.633647 	 -0.582291 	 4 
-0.206641 	 -0.944674 	 4 
0.021756 	 -0.989510 	 4 
0.368990 	 -0.848622 	 4 
-0.172937 	 -0.986810 	 4 
0.779185 	 -0.389361 	 4 
-0.884618 	 -0.195599 	 4 
-0.038655 	 -1.062087 	 4 
-0.154009 	 -0.960012 	 4 
-0.476019 	 -0.787607 	 4 
-0.708696 	 -0.539459 	 4 
-0.088556 	 -0.946586 	 4 
0.923461 	 -0.159788 	 4 
0.402607 	 -0.910088 	 4 
-0.726879 	 -0.512917 	 4 
-0.988461 	 -0.079309 	 4 
-0.681192 	 -0.555279 	 4 
0.680070 	 -0.582318 	 4 
-0.525414 	 -0.788343 	 4 
-0.464049 	 -0.746174 	 4 
0.410257 	 -0.877320 	 4 
0.830819 	 -0.276678 	 4 
-0.976894 	 0.009852 	 4 
0.736920 	 -0.487387 	 4 
-0.707424 	 -0.465809 	 4 
-0.028494 	 -1.079350 	 4 
0.961132 	 -0.056381 	 4 
0.138153 	 -1.020430 	 4 
-0.191191 	 -0.957357 	 4 
0.448578 	 -0.831395 	 4 
-0.037077 	 -0.985196 	 4 
0.122413 	 -0.983095 	 4 
-0.813339 	 -0.388208 	 4 
-0.708992 	 -0.537713 	 4 
-0.848377 	 -0.294309 	 4 
-0.569691 	 -0.660607 	 4 
-0.264512 	 -0.941405 	 4 
0.507291 	 -0.739836 	 4 
0.657093 	 -0.506074 	 4 
0.257274 	 -0.951053 	 4 
-0.335918 	 -0.903520 	 4 
-0.329857 	 -0.889071 	 4 
0.625981 	 -0.641869 	 4 
0.647491 	 -0.624095 	 4 
-0.775400 	 -0.379296 	 4 
0.304025 	 -0.951498 	 4 
0.437464 	 -0.746831 	 4 
-0.304100 	 -0.959926 	 4 
-0.910341 	 -0.114754 	 4 
0.903058 	 -0.174560 	 4 
-0.262200 	 -0.937813 	 4 
0.693519 	 -0.541694 	 4 
-0.570773 	 -0.674808 	 4 
0.997106 	 -0.047332 	 4 
-0.728218 	 -0.482460 	 4 
-0.691851 	 -0.450933 	 4 
0.814089 	 -0.380291 	 4 
-0.132637 	 -1.035195 	 4 
-0.483882 	 -0.809152 	 4 
-0.023790 	 -0.948275 	 4 
0.925422 	 -0.083636 	 4 
0.632064 	 -0.636877 	 4 
0.295205 	 -0.843919 	 4 
-0.698494 	 -0.476523 	 4 
0.805985 	 -0.379319 	 4 
-0.134709 	 -0.919173 	 4 
-0.018010 	 -1.008337 	 4 
-0.734730 	 -0.453334 	 4 
0.239912 	 -0.924677 	 4 
0.128741 	 -0.956867 	 4 
-0.392885 	 -0.808673 	 4 
-0.720703 	 -0.458757 	 4 
-0.411880 	 -0.796396 	 4 
0.820089 	 -0.311813 	 4 
-0.286960 	 -0.923655 	 4 
-0.613105 	 -0.607807 	 4 
0.438435 	 -0.822669 	 4 
-0.090252 	 -1.018288 	 4 
-0.934104 	 -0.036329 	 4 
0.071323 	 -1.031823 	 4 
0.831502 	 -0.342310 	 4 
0.284337 	 -0.891166 	 4 
0.943563 	 -0.111084 	 4 
0.263834 	 -0.910087 	 4 
0.087229 	 -0.975430 	 4 
0.797031 	 -0.321297 	 4 
0.048901 	 -1.019280 	 4 
-0.202598 	 -0.896086 	 4 
-0.221049 	 -0.827661 	 4 
0.741914 	 -0.463126 	 4 
0.345947 	 -0.811274 	 4 
-0.274203 	 -0.922640 	 4 
0.933418 	 -0.092642 	 4 
0.953575 	 -0.112065 	 4 
-0.034238 	 -1.036634 	 4 
0.891626 	 -0.164961 	 4 
0.064827 	 -1.100616 	 4 
-0.169404 	 -0.974073 	 4 
0.634330 	 -0.513257 	 4 
0.254285 	 -0.818906 	 4 
-0.245270 	 -0.937064 	 4 
0.870618 	 -0.196594 	 4 
0.181415 	 -1.051935 	 4 
0.640500 	 -0.585105 	 4 
-0.402857 	 -0.842922 	 4 
-0.739062 	 -0.431740 	 4 
-0.873341 	 -0.247716 	 4 
0.850668 	 -0.286222 	 4 
-0.896538 	 -0.277856 	 4 
-0.883413 	 -0.232352 	 4 
0.691477 	 -0.503990 	 4 
0.255070 	 -0.850745 	 4 
-0.125035 	 -0.968362 	 4 
-0.341420 	 -0.986364 	 4 
0.359245 	 -0.891309 	 4 
0.359636 	 -0.834487 	 4 
0.181969 	 -0.908610 	 4 
0.534258 	 -0.722995 	 4 
0.841763 	 -0.262828 	 4 
0.378668 	 -0.816879 	 4 
0.346653 	 -0.890814 	 4 
-0.436171 	 -0.787344 	 4 
0.375108 	 -0.882273 	 4 
0.653853 	 -0.608984 	 4 
-0.743281 	 -0.456068 	 4 
-0.219857 	 -1.031905 	 4 
0.228616 	 -0.952913 	 4 
-0.526465 	 -0.665511 	 4 
-0.157359 	 -1.023435 	 4 
0.104394 	 -1.004416 	 4 
-0.636397 	 -0.561388 	 4 
0.841138 	 -0.302057 	 4 
0.387014 	 -0.896891 	 4 
0.641240 	 -0.598945 	 4 
-0.798236 	 -0.305995 	 4 
-0.153708 	 -0.969609 	 4 
-0.475094 	 -0.746258 	 4 
0.836336 	 -0.327838 	 4 
0.860826 	 -0.281834 	 4 
0.456660 	 -0.855444 	 4 
0.853865 	 -0.323999 	 4 
0.558690 	 -0.666380 	 4 
-0.242370 	 -0.877606 	 4 
-0.798211 	 -0.328629 	 4 
0.620479 	 -0.607914 	 4 
0.555724 	 -0.690899 	 4 
-0.611366 	 -0.598186 	 4 
-0.369288 	 -0.828531 	 4 
-0.304123 	 -0.951676 	 4 
0.961363 	 -0.060548 	 4 
-0.304493 	 -0.893155 	 4 
0.793851 	 -0.450242 	 4 
-0.356783 	 -0.937491 	 4 
0.475236 	 -0.871909 	 4 
0.367221 	 -0.857398 	 4 
0.109619 	 -1.072198 	 4 
-0.843449 	 -0.289289 	 4 
-0.094551 	 -0.965568 	 4 
-0.306786 	 -0.824265 	 4 
-0.683473 	 -0.634753 	 4 
0.610317 	 -0.566276 	 4 
0.661470 	 -0.607257 	 4 
-0.746153 	 -0.498864 	 4 
-0.267727 	 -0.966554 	 4 
-0.175744 	 -0.879428 	 4 
0.719978 	 -0.451790 	 4 
0.631272 	 -0.645973 	 4 
-0.601800 	 -0.599610 	 4 
-0.682464 	 -0.544108 	 4 
0.565734 	 -0.681025 	 4 
0.797567 	 -0.300394 	 4 
0.179787 	 -0.954455 	 4 
0.062234 	 -0.977642 	 4 
-0.189165 	 -0.932265 	 4 
0.286987 	 -0.895570 	 4 
-0.751392 	 -0.337529 	 4 
-0.355518 	 -0.912509 	 4 
-0.703803 	 -0.480149 	 4 
0.410305 	 -0.801920 	 4 
0.984346 	 -0.084613 	 4 
0.693432 	 -0.534506 	 4 
0.647410 	 -0.573015 	 4 
-0.176397 	 -0.887145 	 4 
0.087998 	 -0.947412 	 4 
-0.657557 	 -0.593180 	 4 
-0.147388 	 -0.895227 	 4 
0.871706 	 -0.236056 	 4 
-0.688670 	 -0.599517 	 4 
-0.027712 	 -1.009929 	 4 
0.308684 	 -0.900707 	 4 
0.807410 	 -0.286670 	 4 
-0.716630 	 -0.462130 	 4 
-0.634413 	 -0.579376 	 4 
-0.303887 	 -0.873493 	 4 
0.396912 	 -0.861164 	 4 
0.559710 	 -0.617169 	 4 
0.576830 	 -0.648495 	 4 
0.969711 	 0.020574 	 4 
0.452407 	 -0.909757 	 4 
-0.316858 	 -0.934842 	 4 
-0.222627 	 -0.989214 	 4 
-0.118052 	 -0.969752 	 4 
0.597300 	 -0.573430 	 4 
0.606256 	 -0.696783 	 4 
0.757303 	 -0.566823 	 4 
-0.378510 	 -0.901694 	 4 
0.187877 	 -0.969790 	 4 
-0.203759 	 -0.902615 	 4 
0.243197 	 -0.946672 	 4 
-0.152603 	 -0.905113 	 4 
-0.718221 	 -0.564908 	 4 
0.983536 	 0.030735 	 4 
0.173443 	 -1.030740 	 4 
-0.368064 	 -0.921412 	 4 
0.368510 	 -0.949903 	 4 
0.696029 	 -0.441221 	 4 
0.913849 	 -0.210951 	 4 
-0.216029 	 -1.083432 	 4 
0.917607 	 -0.100784 	 4 
0.585180 	 -0.691271 	 4 
-0.805363 	 -0.346611 	 4 
0.092156 	 -1.097825 	 4 
-0.180735 	 -0.942217 	 4 
0.957073 	 -0.163799 	 4 
-0.811874 	 -0.366881 	 4 
-0.564712 	 -0.697271 	 4 
0.829253 	 -0.338030 	 4 
-0.456329 	 -0.680340 	 4 
-0.562285 	 -0.660861 	 4 
0.372641 	 -0.837962 	 4 
0.167980 	 -0.965435 	 4 
0.678199 	 -0.568911 	 4 
0.269305 	 -0.868500 	 4 
-0.957432 	 -0.029616 	 4 
-0.357844 	 -0.878486 	 4 
-0.827041 	 -0.365184 	 4 
-0.032165 	 -1.021865 	 4 
0.950400 	 -0.112747 	 4 
-0.605434 	 -0.642854 	 4 
0.387140 	 -0.934319 	 4 
-0.608273 	 -0.643266 	 4 
-0.946464 	 -0.097486 	 4 
0.854004 	 -0.262669 	 4 
0.967191 	 -0.091134 	 4 
-0.093227 	 -1.020765 	 4 
-0.944851 	 -0.103392 	 4 
-0.059670 	 -0.855643 	 4 
0.776810 	 -0.354154 	 4 
-0.083896 	 -0.961924 	 4 
0.362779 	 -0.920566 	 4 
0.382287 	 -0.821101 	 4 
0.392626 	 -0.827560 	 4 
0.649485 	 -0.568508 	 4 
0.746605 	 -0.491690 	 4 
-0.969593 	 -0.035107 	 4 
0.344012 	 -0.962222 	 4 
-0.097495 	 -0.922315 	 4 
0.027528 	 -0.971943 	 4 
0.456243 	 -0.784166 	 4 
-0.493541 	 -0.739535 	 4 
0.994669 	 -0.100520 	 4 
0.514452 	 -0.696023 	 4 
-0.752708 	 -0.511466 	 4 
0.871575 	 -0.277964 	 4 
0.825615 	 -0.305703 	 4 
0.405950 	 -0.851980 	 4 
-0.859590 	 -0.277060 	 4 
0.542082 	 -0.771037 	 4 
0.365631 	 -0.926340 	 4 
-0.620355 	 -0.592997 	 4 
0.585814 	 -0.661415 	 4 
0.700786 	 -0.641993 	 4 
-0.406523 	 -0.812694 	 4 
0.502620 	 -0.743907 	 4 
-0.462609 	 -0.740626 	 4 
-0.065457 	 -1.026064 	 4 
-0.802114 	 -0.348116 	 4 
-0.164367 	 -1.046247 	 4 
-0.717139 	 -0.517410 	 4 
0.592940 	 -0.552825 	 4 
0.012188 	 -0.969614 	 4 
0.149742 	 -0.998679 	 4 
-0.837418 	 -0.222181 	 4 
-0.732265 	 -0.428024 	 4 
-0.603128 	 -0.612772 	 4 
-0.292510 	 -0.854065 	 4 
0.874325 	 -0.253942 	 4 
0.099357 	 -0.966964 	 4 
0.098066 	 -1.063794 	 4 
-0.688347 	 -0.520441 	 4 
-0.052324 	 -0.933615 	 4 
-0.384129 	 -0.927403 	 4 
0.132231 	 -0.915503 	 4 
-0.259494 	 -0.890847 	 4 
-0.647826 	 -0.594989 	 4 
0.557877 	 -0.632718 	 4 
-0.374684 	 -0.893424 	 4 
0.436958 	 -0.840922 	 4 
0.653941 	 -0.615648 	 4 
0.809295 	 -0.340270 	 4 
0.135803 	 -1.018380 	 4 
0.987428 	 -0.030389 	 4 
0.313737 	 -0.933867 	 4 
0.495083 	 -0.796084 	 4 
-0.477182 	 -0.852524 	 4 
0.456498 	 -0.757081 	 4 
0.231312 	 -0.965360 	 4 
-0.300131 	 -0.805304 	 4 
-0.768569 	 -0.421461 	 4 
0.461557 	 -0.733513 	 4 
0.144791 	 -0.971291 	 4 
-0.066681 	 -0.945594 	 4 
0.990304 	 0.037518 	 4 
0.276764 	 -0.984238 	 4 
0.314503 	 -0.872322 	 4 
0.656753 	 -0.548285 	 4 
-0.099674 	 -0.943540 	 4 
-0.459335 	 -0.781960 	 4 
0.327203 	 -0.933490 	 4 
-0.506127 	 -0.731064 	 4 
0.734244 	 -0.497337 	 4 
-0.810298 	 -0.313888 	 4 
-0.305360 	 -0.979239 	 4 
0.994266 	 0.068086 	 4 
0.938954 	 -0.095603 	 4 
0.668946 	 -0.530910 	 4 
-0.121240 	 -0.992905 	 4 
0.338906 	 -0.883672 	 4 
-0.468348 	 -0.767996 	 4 
-0.376487 	 -0.801945 	 4 
-0.849264 	 -0.310043 	 4 
0.390189 	 -0.865394 	 4 
0.570148 	 -0.678672 	 4 
-0.912385 	 -0.112867 	 4 
-0.727541 	 -0.458717 	 4 
0.891557 	 -0.210350 	 4 
0.624357 	 -0.639902 	 4 
0.947724 	 -0.121480 	 4 
-0.041011 	 -1.009272 	 4 
-0.882711 	 -0.231912 	 4 
0.472928 	 -0.867260 	 4 
-0.046399 	 -0.971443 	 4 
-0.848879 	 -0.307272 	 4 
-0.746898 	 -0.444484 	 4 
-0.013660 	 -1.017193 	 4 
-0.114964 	 -1.011674 	 4 
-0.370112 	 -0.961025 	 4 
-0.942873 	 -0.075993 	 4 
0.808236 	 -0.447434 	 4 
-0.195467 	 -0.954076 	 4 
-0.787920 	 -0.282496 	 4 
-0.586193 	 -0.659718 	 4 
0.003153 	 -1.066700 	 4 
0.198202 	 -0.990994 	 4 
0.729510 	 -0.520316 	 4 
0.426484 	 -0.726771 	 4 
0.513517 	 -0.875744 	 4 
0.034653 	 -0.928789 	 4 
-0.824570 	 -0.326339 	 4 
-0.227065 	 -0.941775 	 4 
0.256903 	 -0.899534 	 4 
-0.246615 	 -0.957974 	 4 
-0.453148 	 -0.905133 	 4 
-0.313686 	 -0.892400 	 4 
0.048406 	 -1.105585 	 4 
-0.932170 	 -0.200640 	 4 
-0.374702 	 -0.847266 	 4 
0.419999 	 -0.822662 	 4 
-0.705212 	 -0.428827 	 4 
-0.313983 	 -0.800289 	 4 
-0.526377 	 -0.771065 	 4 
0.734085 	 -0.454027 	 4 
-0.158065 	 -0.886103 	 4 
0.733410 	 -0.485255 	 4 
0.018321 	 -0.985944 	 4 
-0.463605 	 -0.801091 	 4 
-0.966017 	 -0.129191 	 4 
0.292843 	 -0.821185 	 4 
-0.895533 	 -0.259024 	 4 
0.788604 	 -0.328000 	 4 
0.462335 	 -0.766891 	 4 
0.868733 	 -0.365460 	 4 
-0.148610 	 -1.031426 	 4 
0.632522 	 -0.630263 	 4 
0.901860 	 -0.165756 	 4 
0.932275 	 -0.099581 	 4 
-0.211116 	 -0.897122 	 4 
-0.318853 	 -0.856705 	 4 
0.111001 	 -0.973324 	 4 
0.891657 	 -0.188520 	 4 
0.979715 	 -0.040640 	 4 
0.373966 	 -0.888461 	 4 
-0.412090 	 -0.706367 	 4 
-0.558051 	 -0.716388 	 4 
-0.411826 	 -0.884071 	 4 
0.476251 	 -0.719248 	 4 
-0.624007 	 -0.563054 	 4 
0.861253 	 -0.248208 	 4 
0.882916 	 -0.298654 	 4 
0.678107 	 -0.576750 	 4 
0.936567 	 -0.070441 	 4 
0.664310 	 -0.591489 	 4 
-0.384955 	 -0.934710 	 4 
0.858858 	 -0.278157 	 4 
-0.792109 	 -0.262354 	 4 
-0.619456 	 -0.653608 	 4 
-0.301525 	 -0.815544 	 4 
0.159844 	 -0.988912 	 4 
-0.067363 	 -1.038132 	 4 
-0.147239 	 -0.997475 	 4 
-0.665752 	 -0.509893 	 4 
-0.026881 	 -1.023549 	 4 
0.997742 	 0.068421 	 4 
0.818268 	 -0.270210 	 4 
0.638097 	 -0.563846 	 4 
-0.018774 	 -1.081504 	 4 
-0.689797 	 -0.530600 	 4 
-0.268491 	 -0.861103 	 4 
-0.442812 	 -0.798492 	 4 
0.418938 	 -0.862237 	 4 
0.754311 	 -0.366497 	 4 
-0.209740 	 -0.882954 	 4 
-0.839490 	 -0.274801 	 4 
-0.557529 	 -0.745943 	 4 
0.789685 	 -0.378804 	 4 
0.123837 	 -1.031962 	 4 
0.004305 	 -0.990442 	 4 
-0.469973 	 -0.810187 	 4 
0.758357 	 -0.368460 	 4 
0.769900 	 -0.388773 	 4 
-0.899051 	 -0.191938 	 4 
-0.043104 	 -0.965392 	 4 
0.662162 	 -0.520766 	 4 
0.094863 	 -0.951349 	 4 
0.479977 	 -0.730794 	 4 
0.652995 	 -0.590559 	 4 
-0.953559 	 -0.131537 	 4 
0.097751 	 -0.957242 	 4 
-0.401502 	 -0.854477 	 4 
0.646472 	 -0.623220 	 4 
0.287440 	 -0.828596 	 4 
-0.250954 	 -0.921344 	 4 
0.250322 	 -0.980758 	 4 
0.403130 	 -0.814820 	 4 
0.014668 	 -1.000217 	 4 
0.365532 	 -0.892891 	 4 
-0.888250 	 -0.211903 	 4 
0.491152 	 -0.723967 	 4 
0.155559 	 -1.010875 	 4 
-0.034421 	 -1.038339 	 4 
0.891884 	 -0.171661 	 4 
-0.161985 	 -0.940154 	 4 
0.111467 	 -0.985756 	 4 
-0.342573 	 -0.836144 	 4 
0.063811 	 -0.982229 	 4 
-0.704734 	 -0.605957 	 4 
-0.388030 	 -0.923699 	 4 
0.889640 	 -0.274221 	 4 
0.004859 	 -0.980340 	 4 
0.607183 	 -0.618111 	 4 
0.671094 	 -0.549427 	 4 
0.315338 	 -0.961976 	 4 
-0.679114 	 -0.567787 	 4 
-0.757220 	 -0.493205 	 4 
-0.024200 	 -1.024827 	 4 
-0.363944 	 -0.839791 	 4 
-0.795967 	 -0.408385 	 4 
-0.170870 	 -0.971485 	 4 
-0.511935 	 -0.736607 	 4 
0.175438 	 -0.963660 	 4 
0.221801 	 -0.970203 	 4 
-0.229368 	 -1.000332 	 4 
0.816198 	 -0.368171 	 4 
-0.842721 	 -0.270347 	 4 
0.440422 	 -0.823710 	 4 
-0.484865 	 -0.765840 	 4 
-0.372941 	 -0.856366 	 4 
0.654354 	 -0.602318 	 4 
-0.984233 	 -0.014594 	 4 
-0.215033 	 -0.864793 	 4 
-0.352122 	 -0.932253 	 4 
0.898385 	 -0.156040 	 4 
0.860975 	 -0.287936 	 4 
0.419133 	 -0.778515 	 4 
-0.925724 	 -0.150133 	 4 
-0.715537 	 -0.513969 	 4 
0.335085 	 -0.937588 	 4 
-0.092228 	 -0.998601 	 4 
-0.167892 	 -1.041002 	 4 
0.581683 	 -0.597079 	 4 
0.276171 	 -0.848433 	 4 
0.380979 	 -0.928372 	 4 
-0.293647 	 -0.892862 	 4 
0.240140 	 -0.976101 	 4 
-0.106340 	 -1.068265 	 4 
0.467557 	 -0.797111 	 4 
-0.856911 	 -0.214660 	 4 
-0.424809 	 -0.804597 	 4 
-0.476132 	 -0.737574 	 4 
-0.129891 	 -0.979137 	 4 
0.289010 	 -0.910204 	 4 
-0.111367 	 -0.916412 	 4 
0.765445 	 -0.424577 	 4 
-0.614632 	 -0.618496 	 4 
0.178365 	 -0.907084 	 4 
0.584793 	 -0.675857 	 4 
0.512961 	 -0.732732 	 4 
0.993913 	 -0.058114 	 4 
0.598918 	 -0.708787 	 4 
0.934200 	 -0.111165 	 4 
0.868663 	 -0.190144 	 4 
-0.026218 	 -1.077258 	 4 
-0.563021 	 -0.653517 	 4 
-0.213203 	 -0.940594 	 4 
-0.759914 	 -0.458361 	 4 
0.797866 	 -0.373755 	 4 
0.850049 	 -0.196825 	 4 
-0.399871 	 -0.813167 	 4 
0.188376 	 -0.911789 	 4 
-0.618753 	 -0.594688 	 4 
0.082919 	 -0.981117 	 4 
-0.349905 	 -0.809759 	 4 
0.406435 	 -0.939869 	 4 
0.582071 	 -0.620930 	 4 
-0.737983 	 -0.471098 	 4 
-0.704948 	 -0.515413 	 4 
0.693328 	 -0.553463 	 4 
-0.231839 	 -0.906005 	 4 
-0.353116 	 -0.885568 	 4 
0.710053 	 -0.581063 	 4 
0.551774 	 -0.659155 	 4 
-0.140927 	 -1.021895 	 4 
-0.662506 	 -0.553784 	 4 
0.922883 	 -0.163846 	 4 
-0.258014 	 -0.886753 	 4 
0.237715 	 -0.882695 	 4 
-0.869190 	 -0.254277 	 4 
0.573186 	 -0.635915 	 4 
0.943058 	 -0.150879 	 4 
-0.150010 	 -1.057421 	 4 
-0.711419 	 -0.505896 	 4 
0.752223 	 -0.418373 	 4 
-0.375789 	 -0.957764 	 4 
0.379124 	 -0.826621 	 4 
0.778265 	 -0.426205 	 4 
-0.419984 	 -0.796876 	 4 
0.665928 	 -0.598007 	 4 
-0.996399 	 -0.000135 	 4 
0.016865 	 -0.970008 	 4 
0.738362 	 -0.507039 	 4 
-0.743995 	 -0.424866 	 4 
0.573255 	 -0.689968 	 4 
-0.746411 	 -0.438467 	 4 
-0.718298 	 -0.425556 	 4 
-0.496717 	 -0.818352 	 4 
0.422287 	 -0.768370 	 4 
0.759060 	 -0.413145 	 4 
0.079147 	 -0.975412 	 4 
0.605581 	 -0.737130 	 4 
0.372658 	 -0.909794 	 4 
-0.886511 	 -0.253061 	 4 
0.032654 	 -1.020554 	 4 
-0.581713 	 -0.712365 	 4 
-0.541910 	 -0.641382 	 4 
-0.347120 	 -0.874574 	 4 
-0.148199 	 -0.900425 	 4 
0.615850 	 -0.621158 	 4 
0.034301 	 -1.023004 	 4 
0.401179 	 -0.791326 	 4 
0.609644 	 -0.683926 	 4 
-0.437661 	 -0.809062 	 4 
0.941266 	 -0.069488 	 4 
